0.000  A(0.592 0.200 0.060 0 )
0.060  A(0.514 0.200 0.060 0 )
0.120  A(0.229 0.200 0.060 0 )
0.180  A(0.493 0.200 0.060 0 )
0.240  A(0.070 0.200 0.060 1 )  D(0 0.218 -1)
0.300  A(0.426 0.200 0.060 1 )  D(0 0.234 -1)
0.360  A(0.451 0.200 0.060 0 )
0.420  A(0.529 0.200 0.060 0 )
0.480  A(0.628 0.200 0.060 0 )
0.534  A(1.000 0.200 0.060 -1)  D(1 0.217 1 )
0.594  A(0.352 0.200 0.060 0 )
0.654  A(0.243 0.200 0.060 0 )
0.714  A(0.359 0.200 0.060 0 )
0.751  A(0.000 0.200 0.060 -1)  D(0 0.195 1 )
0.811  A(0.753 0.200 0.060 1 )  D(0 0.215 -1)
0.871  A(0.685 0.200 0.060 0 )
0.931  A(0.129 0.200 0.060 1 )  D(0 0.209 -1)
0.991  A(0.037 0.200 0.060 0 )
1.051  A(0.268 0.200 0.060 1 )  D(0 0.290 -1)
1.111  A(0.176 0.200 0.060 1 )  D(0 0.202 -1)
1.171  A(0.961 0.200 0.060 1 )  D(0 0.170 -1)
1.231  A(0.607 0.200 0.060 0 )
1.291  A(0.763 0.200 0.060 0 )
1.341  A(1.000 0.200 0.060 -1)  D(1 0.158 1 )
1.401  A(0.484 0.200 0.060 0 )
1.461  A(0.309 0.200 0.060 0 )
1.499  A(0.000 0.200 0.060 -1)  D(0 0.292 1 )
1.559  A(0.314 0.200 0.060 1 )  D(0 0.195 -1)
1.619  A(0.606 0.200 0.060 0 )
1.679  A(0.558 0.200 0.060 0 )
1.739  A(0.198 0.200 0.060 1 )  D(0 0.293 -1)
1.799  A(0.914 0.200 0.060 1 )  D(0 0.236 -1)
1.859  A(0.186 0.200 0.060 1 )  D(0 0.219 -1)
1.919  A(0.949 0.200 0.060 1 )  D(0 0.128 -1)
1.979  A(0.905 0.200 0.060 0 )
2.039  A(0.860 0.200 0.060 0 )
2.048  A(1.000 0.200 0.060 -1)  D(1 0.247 1 )
2.108  A(0.825 0.200 0.060 0 )
2.168  A(0.648 0.200 0.060 0 )
2.228  A(0.145 0.200 0.060 1 )  D(0 0.277 -1)
2.288  A(0.900 0.200 0.060 1 )  D(0 0.292 -1)
2.348  A(0.159 0.200 0.060 1 )  D(0 0.138 -1)
2.408  A(0.106 0.200 0.060 0 )
2.468  A(0.731 0.200 0.060 1 )  D(0 0.164 -1)
2.528  A(0.919 0.200 0.060 0 )
2.588  A(0.047 0.200 0.060 1 )  D(0 0.113 -1)
2.648  A(0.799 0.200 0.060 1 )  D(0 0.185 -1)
2.708  A(0.939 0.200 0.060 0 )
2.768  A(0.004 0.200 0.060 1 )  D(0 0.100 -1)
2.828  A(0.147 0.200 0.060 0 )
2.868  A(1.000 0.200 0.060 -1)  D(1 0.253 1 )
2.928  A(0.550 0.200 0.060 0 )
2.988  A(0.575 0.200 0.060 0 )
3.048  A(0.996 0.200 0.060 0 )
3.108  A(0.008 0.200 0.060 1 )  D(0 0.247 -1)
3.168  A(0.360 0.200 0.060 1 )  D(0 0.159 -1)
3.228  A(0.489 0.200 0.060 0 )
3.288  A(0.709 0.200 0.060 0 )
3.327  A(1.000 0.200 0.060 -1)  D(1 0.258 1 )
3.387  A(0.468 0.200 0.060 0 )
3.447  A(0.725 0.200 0.060 0 )
3.507  A(0.571 0.200 0.060 0 )
3.567  A(0.892 0.200 0.060 0 )
3.585  A(0.000 0.200 0.060 -1)  D(0 0.207 1 )
3.645  A(0.823 0.200 0.060 1 )  D(0 0.146 -1)
3.705  A(0.379 0.200 0.060 0 )
3.765  A(0.244 0.200 0.060 0 )
3.792  A(1.000 0.200 0.060 -1)  D(1 0.219 1 )
3.852  A(0.664 0.200 0.060 0 )
3.912  A(0.143 0.200 0.060 1 )  D(0 0.261 -1)
3.972  A(0.864 0.200 0.060 1 )  D(0 0.252 -1)
4.032  A(0.439 0.200 0.060 0 )
4.092  A(0.114 0.200 0.060 1 )  D(0 0.173 -1)
4.152  A(0.139 0.200 0.060 0 )
4.212  A(0.508 0.200 0.060 1 )  D(0 0.175 -1)
4.272  A(0.195 0.200 0.060 1 )  D(0 0.288 -1)
4.332  A(0.171 0.200 0.060 0 )
4.392  A(0.825 0.200 0.060 1 )  D(0 0.198 -1)
4.452  A(0.581 0.200 0.060 0 )
4.512  A(0.697 0.200 0.060 0 )
4.572  A(0.864 0.200 0.060 0 )
4.590  A(1.000 0.200 0.060 -1)  D(1 0.210 1 )
4.650  A(0.643 0.200 0.060 0 )
4.710  A(0.172 0.200 0.060 1 )  D(0 0.206 -1)
4.770  A(0.187 0.200 0.060 0 )
4.830  A(0.840 0.200 0.060 1 )  D(0 0.282 -1)
4.890  A(0.561 0.200 0.060 0 )
4.950  A(0.691 0.200 0.060 0 )
5.010  A(0.388 0.200 0.060 0 )
5.070  A(0.937 0.200 0.060 0 )
5.112  A(1.000 0.200 0.060 -1)  D(1 0.211 1 )
5.172  A(0.341 0.200 0.060 0 )
5.232  A(0.019 0.200 0.060 1 )  D(0 0.130 -1)
5.292  A(0.641 0.200 0.060 1 )  D(0 0.112 -1)
5.352  A(0.759 0.200 0.060 0 )
5.404  A(1.000 0.200 0.060 -1)  D(1 0.283 1 )
5.464  A(0.443 0.200 0.060 0 )
5.524  A(0.111 0.200 0.060 1 )  D(0 0.254 -1)
5.584  A(0.567 0.200 0.060 1 )  D(0 0.132 -1)
5.644  A(0.713 0.200 0.060 0 )
5.704  A(0.232 0.200 0.060 0 )
5.716  A(1.000 0.200 0.060 -1)  D(1 0.170 1 )
5.776  A(0.976 0.200 0.060 0 )
5.836  A(0.805 0.200 0.060 0 )
5.887  A(0.000 0.200 0.060 -1)  D(0 0.181 1 )
5.947  A(0.428 0.200 0.060 1 )  D(0 0.151 -1)
6.007  A(0.897 0.200 0.060 0 )
6.067  A(0.719 0.200 0.060 0 )
6.098  A(1.000 0.200 0.060 -1)  D(1 0.231 1 )
6.158  A(0.964 0.200 0.060 0 )
6.218  A(0.587 0.200 0.060 0 )
6.278  A(0.078 0.200 0.060 1 )  D(0 0.182 -1)
6.338  A(0.381 0.200 0.060 1 )  D(0 0.142 -1)
6.398  A(0.562 0.200 0.060 0 )
6.458  A(0.894 0.200 0.060 0 )
6.480  A(1.000 0.200 0.060 -1)  D(1 0.183 1 )
6.540  A(0.658 0.200 0.060 0 )
6.600  A(0.414 0.200 0.060 0 )
6.660  A(0.908 0.200 0.060 0 )
6.663  A(0.000 0.200 0.060 -1)  D(0 0.259 1 )
6.723  A(0.608 0.200 0.060 1 )  D(0 0.150 -1)
6.783  A(0.524 0.200 0.060 0 )
6.843  A(0.168 0.200 0.060 1 )  D(0 0.297 -1)
6.903  A(0.463 0.200 0.060 1 )  D(0 0.235 -1)
6.963  A(0.082 0.200 0.060 1 )  D(0 0.215 -1)
7.023  A(0.783 0.200 0.060 1 )  D(0 0.261 -1)
7.083  A(0.699 0.200 0.060 0 )
7.143  A(0.259 0.200 0.060 0 )
7.203  A(0.138 0.200 0.060 1 )  D(0 0.226 -1)
7.263  A(0.539 0.200 0.060 1 )  D(0 0.176 -1)
7.323  A(0.989 0.200 0.060 0 )
7.383  A(0.626 0.200 0.060 0 )
7.439  A(1.000 0.200 0.060 -1)  D(1 0.175 1 )
7.499  A(0.993 0.200 0.060 0 )
7.559  A(0.239 0.200 0.060 0 )
7.614  A(0.000 0.200 0.060 -1)  D(0 0.151 1 )
7.674  A(0.535 0.200 0.060 1 )  D(0 0.131 -1)
7.734  A(0.729 0.200 0.060 0 )
7.794  A(0.631 0.200 0.060 0 )
7.805  A(1.000 0.200 0.060 -1)  D(1 0.148 1 )
7.865  A(0.086 0.200 0.060 1 )  D(0 0.271 -1)
7.925  A(0.994 0.200 0.060 1 )  D(0 0.253 -1)
7.985  A(0.306 0.200 0.060 0 )
8.045  A(0.643 0.200 0.060 0 )
8.105  A(0.920 0.200 0.060 0 )
8.165  A(0.860 0.200 0.060 0 )
8.179  A(1.000 0.200 0.060 -1)  D(1 0.153 1 )
8.239  A(0.886 0.200 0.060 0 )
8.299  A(0.696 0.200 0.060 0 )
8.331  A(0.000 0.200 0.060 -1)  D(0 0.209 1 )
8.391  A(0.959 0.200 0.060 1 )  D(0 0.265 -1)
8.451  A(0.069 0.200 0.060 1 )  D(0 0.242 -1)
8.511  A(0.790 0.200 0.060 1 )  D(0 0.171 -1)
8.571  A(0.213 0.200 0.060 0 )
8.631  A(0.272 0.200 0.060 0 )
8.683  A(1.000 0.200 0.060 -1)  D(1 0.127 1 )
8.743  A(0.484 0.200 0.060 0 )
8.803  A(0.753 0.200 0.060 0 )
8.810  A(0.000 0.200 0.060 -1)  D(0 0.141 1 )
8.870  A(0.205 0.200 0.060 1 )  D(0 0.252 -1)
8.930  A(0.645 0.200 0.060 0 )
8.990  A(0.915 0.200 0.060 0 )
9.050  A(0.569 0.200 0.060 0 )
9.110  A(0.770 0.200 0.060 0 )
9.122  A(1.000 0.200 0.060 -1)  D(1 0.144 1 )
9.182  A(0.563 0.200 0.060 0 )
9.242  A(0.644 0.200 0.060 0 )
9.266  A(0.000 0.200 0.060 -1)  D(0 0.206 1 )
9.326  A(0.365 0.200 0.060 1 )  D(0 0.112 -1)
9.386  A(0.938 0.200 0.060 0 )
9.438  A(1.000 0.200 0.060 -1)  D(1 0.269 1 )
9.498  A(0.265 0.200 0.060 0 )
9.558  A(0.812 0.200 0.060 0 )
9.618  A(0.644 0.200 0.060 0 )
9.678  A(0.018 0.200 0.060 1 )  D(0 0.131 -1)
9.738  A(0.362 0.200 0.060 1 )  D(0 0.206 -1)
9.798  A(0.175 0.200 0.060 1 )  D(0 0.265 -1)
9.858  A(0.298 0.200 0.060 1 )  D(0 0.170 -1)
9.918  A(0.993 0.200 0.060 0 )
9.978  A(0.208 0.200 0.060 0 )
10.028  A(1.000 0.200 0.060 -1)  D(1 0.208 1 )
10.088  A(0.194 0.200 0.060 1 )  D(0 0.165 -1)
10.148  A(0.383 0.200 0.060 1 )  D(0 0.270 -1)
10.208  A(0.660 0.200 0.060 0 )
10.268  A(0.935 0.200 0.060 0 )
10.328  A(0.667 0.200 0.060 0 )
10.388  A(0.817 0.200 0.060 0 )
10.417  A(1.000 0.200 0.060 -1)  D(1 0.158 1 )
10.477  A(0.236 0.200 0.060 0 )
10.537  A(0.271 0.200 0.060 0 )
10.576  A(0.000 0.200 0.060 -1)  D(0 0.172 1 )
10.636  A(0.252 0.200 0.060 1 )  D(0 0.171 -1)
10.696  A(0.898 0.200 0.060 0 )
10.756  A(0.257 0.200 0.060 0 )
10.807  A(1.000 0.200 0.060 -1)  D(1 0.179 1 )
10.867  A(0.074 0.200 0.060 1 )  D(0 0.236 -1)
10.927  A(0.754 0.200 0.060 1 )  D(0 0.243 -1)
10.987  A(0.006 0.200 0.060 1 )  D(0 0.186 -1)
11.047  A(0.099 0.200 0.060 0 )
11.107  A(0.080 0.200 0.060 0 )
11.167  A(0.647 0.200 0.060 1 )  D(0 0.192 -1)
11.227  A(0.729 0.200 0.060 0 )
11.287  A(0.691 0.200 0.060 0 )
11.347  A(0.293 0.200 0.060 0 )
11.358  A(1.000 0.200 0.060 -1)  D(1 0.152 1 )
11.418  A(0.223 0.200 0.060 0 )
11.478  A(0.544 0.200 0.060 0 )
11.510  A(0.000 0.200 0.060 -1)  D(0 0.289 1 )
11.570  A(0.654 0.200 0.060 1 )  D(0 0.274 -1)
11.630  A(0.453 0.200 0.060 0 )
11.690  A(0.612 0.200 0.060 0 )
11.750  A(0.088 0.200 0.060 1 )  D(0 0.134 -1)
11.810  A(0.175 0.200 0.060 0 )
11.870  A(0.827 0.200 0.060 1 )  D(0 0.291 -1)
11.930  A(0.034 0.200 0.060 1 )  D(0 0.253 -1)
11.990  A(0.645 0.200 0.060 1 )  D(0 0.122 -1)
12.050  A(0.939 0.200 0.060 0 )
12.110  A(0.927 0.200 0.060 0 )
12.113  A(1.000 0.200 0.060 -1)  D(1 0.297 1 )
12.173  A(0.136 0.200 0.060 1 )  D(0 0.228 -1)
12.233  A(0.511 0.200 0.060 1 )  D(0 0.264 -1)
12.293  A(0.433 0.200 0.060 0 )
12.353  A(0.212 0.200 0.060 0 )
12.413  A(0.132 0.200 0.060 1 )  D(0 0.266 -1)
12.473  A(0.656 0.200 0.060 1 )  D(0 0.271 -1)
12.533  A(0.890 0.200 0.060 0 )
12.593  A(0.185 0.200 0.060 1 )  D(0 0.293 -1)
12.653  A(0.078 0.200 0.060 0 )
12.713  A(0.168 0.200 0.060 0 )
12.773  A(0.769 0.200 0.060 1 )  D(0 0.103 -1)
12.833  A(0.179 0.200 0.060 1 )  D(0 0.213 -1)
12.893  A(0.174 0.200 0.060 0 )
12.953  A(0.283 0.200 0.060 1 )  D(0 0.166 -1)
13.013  A(0.295 0.200 0.060 0 )
13.073  A(0.428 0.200 0.060 0 )
13.119  A(1.000 0.200 0.060 -1)  D(1 0.299 1 )
13.179  A(0.521 0.200 0.060 0 )
13.239  A(0.733 0.200 0.060 0 )
13.299  A(0.912 0.200 0.060 0 )
13.359  A(0.377 0.200 0.060 0 )
13.418  A(0.000 0.200 0.060 -1)  D(0 0.185 1 )
13.478  A(0.341 0.200 0.060 1 )  D(0 0.192 -1)
13.538  A(0.537 0.200 0.060 0 )
13.598  A(0.619 0.200 0.060 0 )
13.658  A(0.941 0.200 0.060 0 )
13.670  A(1.000 0.200 0.060 -1)  D(1 0.190 1 )
13.730  A(0.733 0.200 0.060 0 )
13.790  A(0.278 0.200 0.060 0 )
13.850  A(0.792 0.200 0.060 0 )
13.860  A(0.000 0.200 0.060 -1)  D(0 0.243 1 )
13.920  A(0.884 0.200 0.060 1 )  D(0 0.189 -1)
13.980  A(0.874 0.200 0.060 0 )
14.040  A(0.101 0.200 0.060 1 )  D(0 0.221 -1)
14.100  A(0.338 0.200 0.060 1 )  D(0 0.108 -1)
14.160  A(0.535 0.200 0.060 0 )
14.208  A(1.000 0.200 0.060 -1)  D(1 0.300 1 )
14.268  A(0.718 0.200 0.060 0 )
14.328  A(0.007 0.200 0.060 1 )  D(0 0.206 -1)
14.388  A(0.086 0.200 0.060 0 )
14.448  A(0.050 0.200 0.060 0 )
14.508  A(0.247 0.200 0.060 1 )  D(0 0.264 -1)
14.568  A(0.371 0.200 0.060 0 )
14.628  A(0.780 0.200 0.060 0 )
14.688  A(0.115 0.200 0.060 1 )  D(0 0.151 -1)
14.748  A(0.434 0.200 0.060 1 )  D(0 0.120 -1)
14.808  A(0.230 0.200 0.060 0 )
14.868  A(0.320 0.200 0.060 0 )
14.868  A(1.000 0.200 0.060 -1)  D(1 0.240 1 )
14.928  A(0.871 0.200 0.060 0 )
14.988  A(0.807 0.200 0.060 0 )
15.048  A(0.585 0.200 0.060 0 )
15.108  A(0.000 0.200 0.060 -1)  D(0 0.154 1 )
15.168  A(0.713 0.200 0.060 1 )  D(0 0.167 -1)
15.228  A(0.419 0.200 0.060 0 )
15.288  A(0.689 0.200 0.060 0 )
15.335  A(1.000 0.200 0.060 -1)  D(1 0.228 1 )
15.395  A(0.947 0.200 0.060 0 )
15.455  A(0.609 0.200 0.060 0 )
15.515  A(0.797 0.200 0.060 0 )
15.562  A(0.000 0.200 0.060 -1)  D(0 0.147 1 )
15.622  A(0.658 0.200 0.060 1 )  D(0 0.159 -1)
15.682  A(0.336 0.200 0.060 0 )
15.742  A(0.354 0.200 0.060 0 )
15.782  A(1.000 0.200 0.060 -1)  D(1 0.125 1 )
15.842  A(0.994 0.200 0.060 0 )
15.902  A(0.585 0.200 0.060 0 )
15.907  A(0.000 0.200 0.060 -1)  D(0 0.243 1 )
15.967  A(0.235 0.200 0.060 1 )  D(0 0.276 -1)
16.027  A(0.522 0.200 0.060 0 )
16.087  A(0.666 0.200 0.060 0 )
16.147  A(0.987 0.200 0.060 0 )
16.207  A(0.211 0.200 0.060 0 )
16.243  A(1.000 0.200 0.060 -1)  D(1 0.101 1 )
16.303  A(0.521 0.200 0.060 0 )
16.344  A(0.000 0.200 0.060 -1)  D(0 0.145 1 )
16.404  A(0.696 0.200 0.060 1 )  D(0 0.110 -1)
16.464  A(0.174 0.200 0.060 1 )  D(0 0.219 -1)
16.524  A(0.272 0.200 0.060 1 )  D(0 0.109 -1)
16.584  A(0.628 0.200 0.060 0 )
16.633  A(1.000 0.200 0.060 -1)  D(1 0.131 1 )
16.693  A(0.823 0.200 0.060 0 )
16.753  A(0.728 0.200 0.060 0 )
16.764  A(0.000 0.200 0.060 -1)  D(0 0.269 1 )
16.824  A(0.590 0.200 0.060 1 )  D(0 0.175 -1)
16.884  A(0.602 0.200 0.060 0 )
16.944  A(0.689 0.200 0.060 0 )
16.999  A(1.000 0.200 0.060 -1)  D(1 0.192 1 )
17.059  A(0.267 0.200 0.060 0 )
17.119  A(0.131 0.200 0.060 1 )  D(0 0.253 -1)
17.179  A(0.938 0.200 0.060 1 )  D(0 0.121 -1)
17.239  A(0.375 0.200 0.060 0 )
17.299  A(0.497 0.200 0.060 0 )
17.300  A(1.000 0.200 0.060 -1)  D(1 0.191 1 )
17.360  A(0.208 0.200 0.060 0 )
17.420  A(0.487 0.200 0.060 0 )
17.480  A(0.045 0.200 0.060 1 )  D(0 0.106 -1)
17.540  A(0.422 0.200 0.060 1 )  D(0 0.193 -1)
17.600  A(0.925 0.200 0.060 0 )
17.660  A(0.724 0.200 0.060 0 )
17.720  A(0.401 0.200 0.060 0 )
17.733  A(1.000 0.200 0.060 -1)  D(1 0.212 1 )
17.793  A(0.329 0.200 0.060 0 )
17.853  A(0.675 0.200 0.060 0 )
17.913  A(0.966 0.200 0.060 0 )
17.945  A(0.000 0.200 0.060 -1)  D(0 0.182 1 )
18.005  A(0.031 0.200 0.060 0 )
18.065  A(0.285 0.200 0.060 1 )  D(0 0.209 -1)
18.125  A(0.041 0.200 0.060 1 )  D(0 0.124 -1)
18.185  A(0.326 0.200 0.060 1 )  D(0 0.258 -1)
18.245  A(0.003 0.200 0.060 1 )  D(0 0.136 -1)
18.305  A(0.740 0.200 0.060 1 )  D(0 0.216 -1)
18.365  A(0.979 0.200 0.060 0 )
18.425  A(0.007 0.200 0.060 1 )  D(0 0.275 -1)
18.485  A(0.548 0.200 0.060 1 )  D(0 0.256 -1)
18.545  A(0.869 0.200 0.060 0 )
18.605  A(0.460 0.200 0.060 0 )
18.665  A(0.015 0.200 0.060 1 )  D(0 0.183 -1)
18.725  A(0.454 0.200 0.060 1 )  D(0 0.115 -1)
18.785  A(0.401 0.200 0.060 0 )
18.840  A(1.000 0.200 0.060 -1)  D(1 0.295 1 )
18.900  A(0.766 0.200 0.060 0 )
18.960  A(0.011 0.200 0.060 1 )  D(0 0.207 -1)
19.020  A(0.116 0.200 0.060 0 )
19.080  A(0.627 0.200 0.060 1 )  D(0 0.143 -1)
19.140  A(0.087 0.200 0.060 1 )  D(0 0.282 -1)
19.200  A(0.688 0.200 0.060 1 )  D(0 0.180 -1)
19.260  A(0.860 0.200 0.060 0 )
19.320  A(0.379 0.200 0.060 0 )
19.380  A(1.000 0.200 0.060 -1)  D(1 0.173 1 )
19.440  A(0.425 0.200 0.060 0 )
19.500  A(0.893 0.200 0.060 0 )
19.552  A(0.000 0.200 0.060 -1)  D(0 0.264 1 )
19.612  A(0.792 0.200 0.060 1 )  D(0 0.275 -1)
19.672  A(0.886 0.200 0.060 0 )
19.732  A(0.591 0.200 0.060 0 )
19.792  A(0.792 0.200 0.060 0 )
19.852  A(0.636 0.200 0.060 0 )
19.887  A(1.000 0.200 0.060 -1)  D(1 0.111 1 )
19.947  A(0.801 0.200 0.060 0 )
19.998  A(0.000 0.200 0.060 -1)  D(0 0.184 1 )
20.058  A(0.023 0.200 0.060 0 )
20.118  A(0.573 0.200 0.060 1 )  D(0 0.180 -1)
20.178  A(0.956 0.200 0.060 0 )
20.238  A(0.283 0.200 0.060 0 )
20.298  A(1.000 0.200 0.060 -1)  D(1 0.185 1 )
20.358  A(0.370 0.200 0.060 0 )
20.418  A(0.351 0.200 0.060 0 )
20.478  A(0.993 0.200 0.060 0 )
20.482  A(0.000 0.200 0.060 -1)  D(0 0.285 1 )
20.542  A(0.190 0.200 0.060 0 )
20.602  A(0.270 0.200 0.060 1 )  D(0 0.168 -1)
20.662  A(0.931 0.200 0.060 0 )
20.722  A(0.540 0.200 0.060 0 )
20.770  A(1.000 0.200 0.060 -1)  D(1 0.250 1 )
20.830  A(0.643 0.200 0.060 0 )
20.890  A(0.439 0.200 0.060 0 )
20.950  A(0.012 0.200 0.060 1 )  D(0 0.216 -1)
21.010  A(0.154 0.200 0.060 0 )
21.070  A(0.546 0.200 0.060 1 )  D(0 0.192 -1)
21.130  A(0.741 0.200 0.060 0 )
21.190  A(0.407 0.200 0.060 0 )
21.250  A(0.428 0.200 0.060 0 )
21.262  A(1.000 0.200 0.060 -1)  D(1 0.118 1 )
21.322  A(0.835 0.200 0.060 0 )
21.380  A(0.000 0.200 0.060 -1)  D(0 0.255 1 )
21.440  A(0.366 0.200 0.060 1 )  D(0 0.189 -1)
21.500  A(0.601 0.200 0.060 0 )
21.560  A(0.395 0.200 0.060 0 )
21.620  A(0.654 0.200 0.060 0 )
21.629  A(1.000 0.200 0.060 -1)  D(1 0.193 1 )
21.689  A(0.036 0.200 0.060 1 )  D(0 0.194 -1)
21.749  A(0.620 0.200 0.060 1 )  D(0 0.232 -1)
21.809  A(0.120 0.200 0.060 1 )  D(0 0.272 -1)
21.869  A(0.269 0.200 0.060 1 )  D(0 0.119 -1)
21.929  A(0.875 0.200 0.060 0 )
21.988  A(1.000 0.200 0.060 -1)  D(1 0.241 1 )
22.048  A(0.661 0.200 0.060 0 )
22.108  A(0.587 0.200 0.060 0 )
22.168  A(0.495 0.200 0.060 0 )
22.228  A(0.125 0.200 0.060 1 )  D(0 0.240 -1)
22.288  A(0.355 0.200 0.060 1 )  D(0 0.198 -1)
22.348  A(0.524 0.200 0.060 0 )
22.408  A(0.026 0.200 0.060 1 )  D(0 0.219 -1)
22.468  A(0.255 0.200 0.060 1 )  D(0 0.282 -1)
22.528  A(0.773 0.200 0.060 0 )
22.588  A(0.479 0.200 0.060 0 )
22.648  A(0.236 0.200 0.060 0 )
22.708  A(0.041 0.200 0.060 1 )  D(0 0.215 -1)
22.768  A(0.450 0.200 0.060 1 )  D(0 0.196 -1)
22.828  A(0.140 0.200 0.060 1 )  D(0 0.279 -1)
22.888  A(0.597 0.200 0.060 1 )  D(0 0.118 -1)
22.948  A(0.579 0.200 0.060 0 )
23.006  A(1.000 0.200 0.060 -1)  D(1 0.257 1 )
23.066  A(0.366 0.200 0.060 0 )
23.126  A(0.513 0.200 0.060 0 )
23.186  A(0.244 0.200 0.060 0 )
23.246  A(0.011 0.200 0.060 1 )  D(0 0.253 -1)
23.306  A(0.142 0.200 0.060 0 )
23.366  A(0.928 0.200 0.060 1 )  D(0 0.160 -1)
23.426  A(0.876 0.200 0.060 0 )
23.486  A(0.319 0.200 0.060 0 )
23.527  A(1.000 0.200 0.060 -1)  D(1 0.176 1 )
23.587  A(0.366 0.200 0.060 0 )
23.647  A(0.825 0.200 0.060 0 )
23.703  A(0.000 0.200 0.060 -1)  D(0 0.165 1 )
23.763  A(0.202 0.200 0.060 1 )  D(0 0.272 -1)
23.823  A(0.810 0.200 0.060 0 )
23.883  A(0.488 0.200 0.060 0 )
23.943  A(0.328 0.200 0.060 0 )
24.003  A(0.729 0.200 0.060 0 )
24.034  A(1.000 0.200 0.060 -1)  D(1 0.282 1 )
24.094  A(0.835 0.200 0.060 0 )
24.154  A(0.705 0.200 0.060 0 )
24.214  A(0.009 0.200 0.060 1 )  D(0 0.298 -1)
24.274  A(0.918 0.200 0.060 1 )  D(0 0.266 -1)
24.334  A(0.705 0.200 0.060 0 )
24.394  A(0.849 0.200 0.060 0 )
24.454  A(0.945 0.200 0.060 0 )
24.514  A(0.031 0.200 0.060 1 )  D(0 0.229 -1)
24.574  A(0.582 0.200 0.060 1 )  D(0 0.214 -1)
24.634  A(0.431 0.200 0.060 0 )
24.694  A(0.584 0.200 0.060 0 )
24.754  A(0.772 0.200 0.060 0 )
24.789  A(1.000 0.200 0.060 -1)  D(1 0.235 1 )
24.849  A(0.969 0.200 0.060 0 )
24.909  A(0.663 0.200 0.060 0 )
24.969  A(0.793 0.200 0.060 0 )
25.024  A(0.000 0.200 0.060 -1)  D(0 0.114 1 )
25.084  A(0.219 0.200 0.060 1 )  D(0 0.198 -1)
25.144  A(0.406 0.200 0.060 0 )
25.204  A(0.855 0.200 0.060 0 )
25.264  A(0.900 0.200 0.060 0 )
25.281  A(1.000 0.200 0.060 -1)  D(1 0.105 1 )
25.341  A(0.239 0.200 0.060 0 )
25.387  A(0.000 0.200 0.060 -1)  D(0 0.212 1 )
25.447  A(0.447 0.200 0.060 1 )  D(0 0.295 -1)
25.507  A(0.760 0.200 0.060 0 )
25.567  A(0.552 0.200 0.060 0 )
25.627  A(0.706 0.200 0.060 0 )
25.687  A(0.532 0.200 0.060 0 )
25.742  A(1.000 0.200 0.060 -1)  D(1 0.124 1 )
25.802  A(0.761 0.200 0.060 0 )
25.862  A(0.442 0.200 0.060 0 )
25.866  A(0.000 0.200 0.060 -1)  D(0 0.256 1 )
25.926  A(0.923 0.200 0.060 1 )  D(0 0.138 -1)
25.986  A(0.560 0.200 0.060 0 )
26.046  A(0.834 0.200 0.060 0 )
26.064  A(1.000 0.200 0.060 -1)  D(1 0.186 1 )
26.124  A(0.365 0.200 0.060 0 )
26.184  A(0.209 0.200 0.060 0 )
26.244  A(0.367 0.200 0.060 0 )
26.250  A(0.000 0.200 0.060 -1)  D(0 0.192 1 )
26.310  A(0.403 0.200 0.060 1 )  D(0 0.216 -1)
26.370  A(0.339 0.200 0.060 0 )
26.430  A(0.589 0.200 0.060 0 )
26.490  A(0.230 0.200 0.060 0 )
26.525  A(1.000 0.200 0.060 -1)  D(1 0.107 1 )
26.585  A(0.503 0.200 0.060 0 )
26.633  A(0.000 0.200 0.060 -1)  D(0 0.176 1 )
26.693  A(0.114 0.200 0.060 0 )
26.753  A(0.390 0.200 0.060 1 )  D(0 0.270 -1)
26.813  A(0.801 0.200 0.060 0 )
26.873  A(0.864 0.200 0.060 0 )
26.933  A(0.652 0.200 0.060 0 )
26.993  A(0.606 0.200 0.060 0 )
27.023  A(1.000 0.200 0.060 -1)  D(1 0.161 1 )
27.083  A(0.533 0.200 0.060 0 )
27.143  A(0.147 0.200 0.060 1 )  D(0 0.285 -1)
27.203  A(0.330 0.200 0.060 1 )  D(0 0.243 -1)
27.263  A(0.054 0.200 0.060 1 )  D(0 0.238 -1)
27.323  A(0.071 0.200 0.060 0 )
27.383  A(0.094 0.200 0.060 0 )
27.443  A(0.428 0.200 0.060 1 )  D(0 0.143 -1)
27.503  A(0.328 0.200 0.060 0 )
27.563  A(0.934 0.200 0.060 0 )
27.586  A(1.000 0.200 0.060 -1)  D(1 0.209 1 )
27.646  A(0.008 0.200 0.060 1 )  D(0 0.199 -1)
27.706  A(0.820 0.200 0.060 1 )  D(0 0.137 -1)
27.766  A(0.329 0.200 0.060 0 )
27.826  A(0.512 0.200 0.060 0 )
27.842  A(1.000 0.200 0.060 -1)  D(1 0.217 1 )
27.902  A(0.203 0.200 0.060 0 )
27.962  A(0.492 0.200 0.060 0 )
28.022  A(0.697 0.200 0.060 0 )
28.059  A(0.000 0.200 0.060 -1)  D(0 0.178 1 )
28.119  A(0.183 0.200 0.060 0 )
28.179  A(0.252 0.200 0.060 1 )  D(0 0.275 -1)
28.239  A(0.419 0.200 0.060 0 )
28.299  A(0.967 0.200 0.060 0 )
28.359  A(0.794 0.200 0.060 0 )
28.419  A(0.353 0.200 0.060 0 )
28.454  A(1.000 0.200 0.060 -1)  D(1 0.222 1 )
28.514  A(0.181 0.200 0.060 1 )  D(0 0.284 -1)
28.574  A(0.742 0.200 0.060 1 )  D(0 0.238 -1)
28.634  A(0.020 0.200 0.060 1 )  D(0 0.278 -1)
28.694  A(0.735 0.200 0.060 1 )  D(0 0.257 -1)
28.754  A(0.044 0.200 0.060 1 )  D(0 0.117 -1)
28.814  A(0.338 0.200 0.060 1 )  D(0 0.118 -1)
28.874  A(0.507 0.200 0.060 0 )
28.932  A(1.000 0.200 0.060 -1)  D(1 0.267 1 )
28.992  A(0.977 0.200 0.060 0 )
29.052  A(0.024 0.200 0.060 1 )  D(0 0.293 -1)
29.112  A(0.473 0.200 0.060 1 )  D(0 0.291 -1)
29.172  A(0.334 0.200 0.060 0 )
29.232  A(0.781 0.200 0.060 0 )
29.292  A(0.183 0.200 0.060 1 )  D(0 0.145 -1)
29.352  A(0.961 0.200 0.060 1 )  D(0 0.130 -1)
29.412  A(0.194 0.200 0.060 1 )  D(0 0.217 -1)
29.472  A(0.924 0.200 0.060 1 )  D(0 0.239 -1)
29.532  A(0.200 0.200 0.060 0 )
29.592  A(0.060 0.200 0.060 1 )  D(0 0.165 -1)
29.652  A(0.350 0.200 0.060 1 )  D(0 0.105 -1)
29.712  A(0.498 0.200 0.060 0 )
29.757  A(1.000 0.200 0.060 -1)  D(1 0.139 1 )
29.817  A(0.483 0.200 0.060 0 )
29.877  A(0.763 0.200 0.060 0 )
29.896  A(0.000 0.200 0.060 -1)  D(0 0.296 1 )
29.956  A(0.441 0.200 0.060 1 )  D(0 0.234 -1)
30.016  A(0.062 0.200 0.060 1 )  D(0 0.194 -1)
30.076  A(0.892 0.200 0.060 1 )  D(0 0.190 -1)
30.136  A(0.178 0.200 0.060 1 )  D(0 0.212 -1)
30.196  A(0.622 0.200 0.060 1 )  D(0 0.149 -1)
30.256  A(0.442 0.200 0.060 0 )
30.316  A(0.149 0.200 0.060 1 )  D(0 0.129 -1)
30.376  A(0.807 0.200 0.060 1 )  D(0 0.115 -1)
30.436  A(0.783 0.200 0.060 0 )
30.491  A(1.000 0.200 0.060 -1)  D(1 0.279 1 )
30.551  A(0.297 0.200 0.060 0 )
30.611  A(0.033 0.200 0.060 1 )  D(0 0.203 -1)
30.671  A(0.182 0.200 0.060 0 )
30.731  A(0.661 0.200 0.060 1 )  D(0 0.102 -1)
30.791  A(0.186 0.200 0.060 1 )  D(0 0.121 -1)
30.851  A(0.725 0.200 0.060 1 )  D(0 0.153 -1)
30.911  A(0.708 0.200 0.060 0 )
30.971  A(0.692 0.200 0.060 0 )
31.004  A(1.000 0.200 0.060 -1)  D(1 0.209 1 )
31.064  A(0.325 0.200 0.060 0 )
31.124  A(0.373 0.200 0.060 0 )
31.184  A(0.715 0.200 0.060 0 )
31.213  A(0.000 0.200 0.060 -1)  D(0 0.160 1 )
31.273  A(0.069 0.200 0.060 0 )
31.333  A(0.609 0.200 0.060 1 )  D(0 0.106 -1)
31.393  A(0.801 0.200 0.060 0 )
31.439  A(1.000 0.200 0.060 -1)  D(1 0.120 1 )
31.499  A(0.669 0.200 0.060 0 )
31.559  A(0.849 0.200 0.060 0 )
31.560  A(0.000 0.200 0.060 -1)  D(0 0.161 1 )
31.620  A(0.291 0.200 0.060 1 )  D(0 0.209 -1)
31.680  A(0.090 0.200 0.060 1 )  D(0 0.110 -1)
31.740  A(0.568 0.200 0.060 1 )  D(0 0.213 -1)
31.800  A(0.936 0.200 0.060 0 )
31.860  A(0.319 0.200 0.060 0 )
31.920  A(0.869 0.200 0.060 0 )
31.952  A(1.000 0.200 0.060 -1)  D(1 0.221 1 )
32.012  A(0.701 0.200 0.060 0 )
32.072  A(0.086 0.200 0.060 1 )  D(0 0.108 -1)
32.132  A(0.700 0.200 0.060 1 )  D(0 0.126 -1)
32.192  A(0.979 0.200 0.060 0 )
32.252  A(0.622 0.200 0.060 0 )
32.258  A(1.000 0.200 0.060 -1)  D(1 0.170 1 )
32.318  A(0.771 0.200 0.060 0 )
32.378  A(0.609 0.200 0.060 0 )
32.429  A(0.000 0.200 0.060 -1)  D(0 0.286 1 )
32.489  A(0.735 0.200 0.060 1 )  D(0 0.229 -1)
32.549  A(0.247 0.200 0.060 0 )
32.609  A(0.119 0.200 0.060 1 )  D(0 0.147 -1)
32.669  A(0.326 0.200 0.060 1 )  D(0 0.224 -1)
32.729  A(0.707 0.200 0.060 0 )
32.789  A(0.965 0.200 0.060 0 )
32.849  A(0.851 0.200 0.060 0 )
32.893  A(1.000 0.200 0.060 -1)  D(1 0.285 1 )
32.953  A(0.945 0.200 0.060 0 )
33.013  A(0.036 0.200 0.060 1 )  D(0 0.292 -1)
33.073  A(0.891 0.200 0.060 1 )  D(0 0.196 -1)
33.133  A(0.950 0.200 0.060 0 )
33.193  A(0.894 0.200 0.060 0 )
33.253  A(0.158 0.200 0.060 1 )  D(0 0.237 -1)
33.313  A(0.983 0.200 0.060 1 )  D(0 0.257 -1)
33.373  A(0.350 0.200 0.060 0 )
33.433  A(0.492 0.200 0.060 0 )
33.493  A(0.543 0.200 0.060 0 )
33.553  A(0.970 0.200 0.060 0 )
33.569  A(1.000 0.200 0.060 -1)  D(1 0.201 1 )
33.629  A(0.384 0.200 0.060 0 )
33.689  A(0.422 0.200 0.060 0 )
33.749  A(0.271 0.200 0.060 0 )
33.770  A(0.000 0.200 0.060 -1)  D(0 0.214 1 )
33.830  A(0.086 0.200 0.060 0 )
33.890  A(0.363 0.200 0.060 1 )  D(0 0.257 -1)
33.950  A(0.263 0.200 0.060 0 )
34.010  A(0.380 0.200 0.060 0 )
34.070  A(0.754 0.200 0.060 0 )
34.130  A(0.214 0.200 0.060 0 )
34.147  A(1.000 0.200 0.060 -1)  D(1 0.169 1 )
34.207  A(0.811 0.200 0.060 0 )
34.267  A(0.297 0.200 0.060 0 )
34.316  A(0.000 0.200 0.060 -1)  D(0 0.282 1 )
34.376  A(0.099 0.200 0.060 0 )
34.436  A(0.945 0.200 0.060 1 )  D(0 0.159 -1)
34.496  A(0.712 0.200 0.060 0 )
34.556  A(0.213 0.200 0.060 0 )
34.595  A(1.000 0.200 0.060 -1)  D(1 0.228 1 )
34.655  A(0.863 0.200 0.060 0 )
34.715  A(0.146 0.200 0.060 1 )  D(0 0.108 -1)
34.775  A(0.401 0.200 0.060 1 )  D(0 0.272 -1)
34.835  A(0.125 0.200 0.060 1 )  D(0 0.292 -1)
34.895  A(0.232 0.200 0.060 1 )  D(0 0.164 -1)
34.955  A(0.618 0.200 0.060 0 )
35.015  A(0.119 0.200 0.060 1 )  D(0 0.228 -1)
35.075  A(0.583 0.200 0.060 1 )  D(0 0.243 -1)
35.135  A(0.426 0.200 0.060 0 )
35.195  A(0.073 0.200 0.060 1 )  D(0 0.118 -1)
35.255  A(0.952 0.200 0.060 1 )  D(0 0.233 -1)
35.315  A(0.898 0.200 0.060 0 )
35.375  A(0.146 0.200 0.060 1 )  D(0 0.279 -1)
35.435  A(0.018 0.200 0.060 0 )
35.495  A(0.435 0.200 0.060 1 )  D(0 0.142 -1)
35.555  A(0.532 0.200 0.060 0 )
35.615  A(0.594 0.200 0.060 0 )
35.637  A(1.000 0.200 0.060 -1)  D(1 0.171 1 )
35.697  A(0.349 0.200 0.060 0 )
35.757  A(0.570 0.200 0.060 0 )
35.808  A(0.000 0.200 0.060 -1)  D(0 0.130 1 )
35.868  A(0.791 0.200 0.060 1 )  D(0 0.186 -1)
35.928  A(0.517 0.200 0.060 0 )
35.988  A(0.232 0.200 0.060 0 )
36.048  A(0.571 0.200 0.060 0 )
36.054  A(1.000 0.200 0.060 -1)  D(1 0.242 1 )
36.114  A(0.499 0.200 0.060 0 )
36.174  A(0.798 0.200 0.060 0 )
36.234  A(0.463 0.200 0.060 0 )
36.294  A(0.392 0.200 0.060 0 )
36.296  A(0.000 0.200 0.060 -1)  D(0 0.280 1 )
36.356  A(0.709 0.200 0.060 1 )  D(0 0.195 -1)
36.416  A(0.007 0.200 0.060 1 )  D(0 0.172 -1)
36.476  A(0.073 0.200 0.060 0 )
36.536  A(0.436 0.200 0.060 1 )  D(0 0.245 -1)
36.596  A(0.011 0.200 0.060 1 )  D(0 0.259 -1)
36.656  A(0.660 0.200 0.060 1 )  D(0 0.162 -1)
36.716  A(0.780 0.200 0.060 0 )
36.776  A(0.853 0.200 0.060 0 )
36.818  A(1.000 0.200 0.060 -1)  D(1 0.291 1 )
36.878  A(0.010 0.200 0.060 1 )  D(0 0.234 -1)
36.938  A(0.081 0.200 0.060 0 )
36.998  A(0.634 0.200 0.060 1 )  D(0 0.250 -1)
37.058  A(0.756 0.200 0.060 0 )
37.118  A(0.207 0.200 0.060 0 )
37.178  A(0.098 0.200 0.060 1 )  D(0 0.283 -1)
37.238  A(0.640 0.200 0.060 1 )  D(0 0.157 -1)
37.298  A(0.080 0.200 0.060 1 )  D(0 0.239 -1)
37.358  A(0.007 0.200 0.060 0 )
37.418  A(0.326 0.200 0.060 1 )  D(0 0.294 -1)
37.478  A(0.518 0.200 0.060 0 )
37.538  A(0.067 0.200 0.060 1 )  D(0 0.266 -1)
37.598  A(0.754 0.200 0.060 1 )  D(0 0.261 -1)
37.658  A(0.552 0.200 0.060 0 )
37.718  A(0.665 0.200 0.060 0 )
37.778  A(0.399 0.200 0.060 0 )
37.838  A(0.308 0.200 0.060 0 )
37.859  A(1.000 0.200 0.060 -1)  D(1 0.264 1 )
37.919  A(0.152 0.200 0.060 1 )  D(0 0.106 -1)
37.979  A(0.931 0.200 0.060 1 )  D(0 0.203 -1)
38.039  A(0.886 0.200 0.060 0 )
38.099  A(0.256 0.200 0.060 0 )
38.159  A(0.632 0.200 0.060 0 )
38.182  A(1.000 0.200 0.060 -1)  D(1 0.203 1 )
38.242  A(0.391 0.200 0.060 0 )
38.302  A(0.745 0.200 0.060 0 )
38.362  A(0.486 0.200 0.060 0 )
38.385  A(0.000 0.200 0.060 -1)  D(0 0.145 1 )
38.445  A(0.975 0.200 0.060 1 )  D(0 0.115 -1)
38.505  A(0.628 0.200 0.060 0 )
38.560  A(1.000 0.200 0.060 -1)  D(1 0.108 1 )
38.620  A(0.579 0.200 0.060 0 )
38.668  A(0.000 0.200 0.060 -1)  D(0 0.252 1 )
38.728  A(0.290 0.200 0.060 1 )  D(0 0.104 -1)
38.788  A(0.531 0.200 0.060 0 )
38.832  A(1.000 0.200 0.060 -1)  D(1 0.133 1 )
38.892  A(0.939 0.200 0.060 0 )
38.952  A(0.478 0.200 0.060 0 )
38.965  A(0.000 0.200 0.060 -1)  D(0 0.269 1 )
39.025  A(0.020 0.200 0.060 0 )
39.085  A(0.910 0.200 0.060 1 )  D(0 0.177 -1)
39.145  A(0.608 0.200 0.060 0 )
39.205  A(0.215 0.200 0.060 0 )
39.262  A(1.000 0.200 0.060 -1)  D(1 0.148 1 )
39.322  A(0.888 0.200 0.060 0 )
39.382  A(0.357 0.200 0.060 0 )
39.410  A(0.000 0.200 0.060 -1)  D(0 0.230 1 )
39.470  A(0.600 0.200 0.060 1 )  D(0 0.296 -1)
39.530  A(0.000 0.200 0.060 1 )  D(0 0.267 -1)
39.590  A(0.516 0.200 0.060 1 )  D(0 0.291 -1)
39.650  A(0.434 0.200 0.060 0 )
39.710  A(0.576 0.200 0.060 0 )
39.770  A(0.621 0.200 0.060 0 )
39.830  A(0.331 0.200 0.060 0 )
39.881  A(1.000 0.200 0.060 -1)  D(1 0.289 1 )
39.941  A(0.836 0.200 0.060 0 )
40.001  A(0.715 0.200 0.060 0 )
40.061  A(0.323 0.200 0.060 0 )
40.121  A(0.051 0.200 0.060 1 )  D(0 0.295 -1)
40.181  A(0.863 0.200 0.060 1 )  D(0 0.166 -1)
40.241  A(0.266 0.200 0.060 0 )
40.301  A(0.570 0.200 0.060 0 )
40.347  A(1.000 0.200 0.060 -1)  D(1 0.294 1 )
40.407  A(0.670 0.200 0.060 0 )
40.467  A(0.766 0.200 0.060 0 )
40.527  A(0.569 0.200 0.060 0 )
40.587  A(0.201 0.200 0.060 0 )
40.641  A(0.000 0.200 0.060 -1)  D(0 0.287 1 )
40.701  A(0.738 0.200 0.060 1 )  D(0 0.292 -1)
40.761  A(0.290 0.200 0.060 0 )
40.821  A(0.319 0.200 0.060 0 )
40.881  A(0.889 0.200 0.060 0 )
40.941  A(0.005 0.200 0.060 1 )  D(0 0.131 -1)
41.001  A(0.206 0.200 0.060 1 )  D(0 0.216 -1)
41.061  A(0.443 0.200 0.060 0 )
41.121  A(0.631 0.200 0.060 0 )
41.181  A(0.805 0.200 0.060 0 )
41.217  A(1.000 0.200 0.060 -1)  D(1 0.160 1 )
41.277  A(0.801 0.200 0.060 0 )
41.337  A(0.831 0.200 0.060 0 )
41.378  A(0.000 0.200 0.060 -1)  D(0 0.280 1 )
41.438  A(0.404 0.200 0.060 1 )  D(0 0.234 -1)
41.498  A(0.820 0.200 0.060 0 )
41.558  A(0.617 0.200 0.060 0 )
41.618  A(0.887 0.200 0.060 0 )
41.672  A(1.000 0.200 0.060 -1)  D(1 0.276 1 )
41.732  A(0.863 0.200 0.060 0 )
41.792  A(0.865 0.200 0.060 0 )
41.852  A(0.182 0.200 0.060 1 )  D(0 0.104 -1)
41.912  A(0.224 0.200 0.060 1 )  D(0 0.110 -1)
41.972  A(0.491 0.200 0.060 0 )
42.022  A(1.000 0.200 0.060 -1)  D(1 0.262 1 )
42.082  A(0.340 0.200 0.060 0 )
42.142  A(0.239 0.200 0.060 0 )
42.202  A(0.424 0.200 0.060 0 )
42.262  A(0.171 0.200 0.060 1 )  D(0 0.115 -1)
42.322  A(0.478 0.200 0.060 1 )  D(0 0.213 -1)
42.382  A(0.388 0.200 0.060 0 )
42.442  A(0.264 0.200 0.060 0 )
42.502  A(0.294 0.200 0.060 0 )
42.535  A(1.000 0.200 0.060 -1)  D(1 0.229 1 )
42.595  A(0.795 0.200 0.060 0 )
42.655  A(0.104 0.200 0.060 1 )  D(0 0.230 -1)
42.715  A(0.162 0.200 0.060 0 )
42.775  A(0.037 0.200 0.060 0 )
42.835  A(0.622 0.200 0.060 1 )  D(0 0.295 -1)
42.895  A(0.415 0.200 0.060 0 )
42.955  A(0.961 0.200 0.060 0 )
43.015  A(0.736 0.200 0.060 0 )
43.075  A(0.755 0.200 0.060 0 )
43.130  A(1.000 0.200 0.060 -1)  D(1 0.119 1 )
43.190  A(0.274 0.200 0.060 0 )
43.249  A(0.000 0.200 0.060 -1)  D(0 0.132 1 )
43.309  A(0.621 0.200 0.060 1 )  D(0 0.168 -1)
43.369  A(0.604 0.200 0.060 0 )
43.429  A(0.452 0.200 0.060 0 )
43.477  A(1.000 0.200 0.060 -1)  D(1 0.132 1 )
43.537  A(0.736 0.200 0.060 0 )
43.597  A(0.947 0.200 0.060 0 )
43.609  A(0.000 0.200 0.060 -1)  D(0 0.269 1 )
43.669  A(0.737 0.200 0.060 1 )  D(0 0.217 -1)
43.729  A(0.683 0.200 0.060 0 )
43.789  A(0.255 0.200 0.060 0 )
43.849  A(0.124 0.200 0.060 1 )  D(0 0.229 -1)
43.909  A(0.843 0.200 0.060 1 )  D(0 0.130 -1)
43.969  A(0.204 0.200 0.060 0 )
44.029  A(0.497 0.200 0.060 0 )
44.039  A(1.000 0.200 0.060 -1)  D(1 0.261 1 )
44.099  A(0.028 0.200 0.060 1 )  D(0 0.267 -1)
44.159  A(0.776 0.200 0.060 1 )  D(0 0.157 -1)
44.219  A(0.230 0.200 0.060 0 )
44.279  A(0.978 0.200 0.060 0 )
44.315  A(1.000 0.200 0.060 -1)  D(1 0.181 1 )
44.375  A(0.647 0.200 0.060 0 )
44.435  A(0.893 0.200 0.060 0 )
44.495  A(0.425 0.200 0.060 0 )
44.496  A(0.000 0.200 0.060 -1)  D(0 0.250 1 )
44.556  A(0.973 0.200 0.060 1 )  D(0 0.128 -1)
44.616  A(0.289 0.200 0.060 0 )
44.676  A(0.232 0.200 0.060 0 )
44.684  A(1.000 0.200 0.060 -1)  D(1 0.186 1 )
44.744  A(0.803 0.200 0.060 0 )
44.804  A(0.319 0.200 0.060 0 )
44.864  A(0.566 0.200 0.060 0 )
44.869  A(0.000 0.200 0.060 -1)  D(0 0.199 1 )
44.929  A(0.312 0.200 0.060 1 )  D(0 0.286 -1)
44.989  A(0.441 0.200 0.060 0 )
45.049  A(0.520 0.200 0.060 0 )
45.109  A(0.693 0.200 0.060 0 )
45.169  A(0.502 0.200 0.060 0 )
45.215  A(1.000 0.200 0.060 -1)  D(1 0.158 1 )
45.275  A(0.164 0.200 0.060 1 )  D(0 0.267 -1)
45.335  A(0.382 0.200 0.060 1 )  D(0 0.190 -1)
45.395  A(0.267 0.200 0.060 0 )
45.455  A(0.740 0.200 0.060 0 )
45.515  A(0.042 0.200 0.060 1 )  D(0 0.140 -1)
45.575  A(0.004 0.200 0.060 0 )
45.635  A(0.553 0.200 0.060 1 )  D(0 0.167 -1)
45.695  A(0.343 0.200 0.060 0 )
45.755  A(0.147 0.200 0.060 1 )  D(0 0.227 -1)
45.815  A(0.077 0.200 0.060 0 )
45.875  A(0.152 0.200 0.060 0 )
45.935  A(0.555 0.200 0.060 1 )  D(0 0.216 -1)
45.995  A(0.727 0.200 0.060 0 )
46.055  A(0.586 0.200 0.060 0 )
46.115  A(0.797 0.200 0.060 0 )
46.151  A(1.000 0.200 0.060 -1)  D(1 0.184 1 )
46.211  A(0.656 0.200 0.060 0 )
46.271  A(0.348 0.200 0.060 0 )
46.331  A(0.989 0.200 0.060 0 )
46.335  A(0.000 0.200 0.060 -1)  D(0 0.279 1 )
46.395  A(0.124 0.200 0.060 0 )
46.455  A(0.322 0.200 0.060 1 )  D(0 0.260 -1)
46.515  A(0.139 0.200 0.060 1 )  D(0 0.293 -1)
46.575  A(0.111 0.200 0.060 0 )
46.635  A(0.218 0.200 0.060 1 )  D(0 0.123 -1)
46.695  A(0.265 0.200 0.060 0 )
46.755  A(0.529 0.200 0.060 0 )
46.758  A(1.000 0.200 0.060 -1)  D(1 0.295 1 )
46.818  A(0.601 0.200 0.060 0 )
46.878  A(0.272 0.200 0.060 0 )
46.938  A(0.290 0.200 0.060 0 )
46.998  A(0.806 0.200 0.060 0 )
47.053  A(0.000 0.200 0.060 -1)  D(0 0.237 1 )
47.113  A(0.518 0.200 0.060 1 )  D(0 0.192 -1)
47.173  A(0.490 0.200 0.060 0 )
47.233  A(0.510 0.200 0.060 0 )
47.293  A(0.929 0.200 0.060 0 )
47.304  A(1.000 0.200 0.060 -1)  D(1 0.177 1 )
47.364  A(0.431 0.200 0.060 0 )
47.424  A(0.602 0.200 0.060 0 )
47.481  A(0.000 0.200 0.060 -1)  D(0 0.228 1 )
47.541  A(0.602 0.200 0.060 1 )  D(0 0.105 -1)
47.601  A(0.290 0.200 0.060 0 )
47.647  A(1.000 0.200 0.060 -1)  D(1 0.237 1 )
47.707  A(0.707 0.200 0.060 0 )
47.767  A(0.372 0.200 0.060 0 )
47.827  A(0.250 0.200 0.060 0 )
47.884  A(0.000 0.200 0.060 -1)  D(0 0.254 1 )
47.944  A(0.465 0.200 0.060 1 )  D(0 0.228 -1)
48.004  A(0.026 0.200 0.060 1 )  D(0 0.209 -1)
48.064  A(0.473 0.200 0.060 1 )  D(0 0.241 -1)
48.124  A(0.136 0.200 0.060 1 )  D(0 0.255 -1)
48.184  A(0.488 0.200 0.060 1 )  D(0 0.153 -1)
48.244  A(0.160 0.200 0.060 1 )  D(0 0.173 -1)
48.304  A(0.341 0.200 0.060 1 )  D(0 0.119 -1)
48.364  A(0.091 0.200 0.060 1 )  D(0 0.196 -1)
48.424  A(0.122 0.200 0.060 0 )
48.484  A(0.949 0.200 0.060 1 )  D(0 0.196 -1)
48.544  A(0.892 0.200 0.060 0 )
48.604  A(0.684 0.200 0.060 0 )
48.664  A(0.967 0.200 0.060 0 )
48.680  A(1.000 0.200 0.060 -1)  D(1 0.130 1 )
48.740  A(0.732 0.200 0.060 0 )
48.800  A(0.632 0.200 0.060 0 )
48.809  A(0.000 0.200 0.060 -1)  D(0 0.271 1 )
48.869  A(0.167 0.200 0.060 0 )
48.929  A(0.854 0.200 0.060 1 )  D(0 0.159 -1)
48.989  A(0.681 0.200 0.060 0 )
49.049  A(0.258 0.200 0.060 0 )
49.088  A(1.000 0.200 0.060 -1)  D(1 0.165 1 )
49.148  A(0.150 0.200 0.060 1 )  D(0 0.273 -1)
49.208  A(0.421 0.200 0.060 1 )  D(0 0.133 -1)
49.268  A(0.311 0.200 0.060 0 )
49.328  A(0.603 0.200 0.060 0 )
49.340  A(1.000 0.200 0.060 -1)  D(1 0.122 1 )
49.400  A(0.389 0.200 0.060 0 )
49.460  A(0.852 0.200 0.060 0 )
49.462  A(0.000 0.200 0.060 -1)  D(0 0.299 1 )
49.522  A(0.718 0.200 0.060 1 )  D(0 0.280 -1)
49.582  A(0.756 0.200 0.060 0 )
49.642  A(0.897 0.200 0.060 0 )
49.702  A(0.212 0.200 0.060 0 )
49.762  A(0.974 0.200 0.060 0 )
49.803  A(1.000 0.200 0.060 -1)  D(1 0.221 1 )
49.863  A(0.353 0.200 0.060 0 )
49.923  A(0.031 0.200 0.060 1 )  D(0 0.237 -1)
49.983  A(0.846 0.200 0.060 1 )  D(0 0.228 -1)
50.043  A(0.541 0.200 0.060 0 )
50.103  A(0.547 0.200 0.060 0 )
50.163  A(0.559 0.200 0.060 0 )
50.211  A(1.000 0.200 0.060 -1)  D(1 0.147 1 )
50.271  A(0.723 0.200 0.060 0 )
50.331  A(0.393 0.200 0.060 0 )
50.358  A(0.000 0.200 0.060 -1)  D(0 0.208 1 )
50.418  A(0.660 0.200 0.060 1 )  D(0 0.249 -1)
50.478  A(0.503 0.200 0.060 0 )
50.538  A(0.379 0.200 0.060 0 )
50.598  A(0.758 0.200 0.060 0 )
50.658  A(0.477 0.200 0.060 0 )
50.667  A(1.000 0.200 0.060 -1)  D(1 0.196 1 )
50.727  A(0.311 0.200 0.060 0 )
50.787  A(0.259 0.200 0.060 0 )
50.847  A(0.696 0.200 0.060 0 )
50.864  A(0.000 0.200 0.060 -1)  D(0 0.146 1 )
50.924  A(0.170 0.200 0.060 0 )
50.984  A(0.567 0.200 0.060 1 )  D(0 0.199 -1)
51.044  A(0.056 0.200 0.060 1 )  D(0 0.109 -1)
51.104  A(0.767 0.200 0.060 1 )  D(0 0.110 -1)
51.164  A(0.926 0.200 0.060 0 )
51.213  A(1.000 0.200 0.060 -1)  D(1 0.125 1 )
51.273  A(0.333 0.200 0.060 0 )
51.333  A(0.861 0.200 0.060 0 )
51.339  A(0.000 0.200 0.060 -1)  D(0 0.172 1 )
51.399  A(0.745 0.200 0.060 1 )  D(0 0.164 -1)
51.459  A(0.579 0.200 0.060 0 )
51.519  A(0.045 0.200 0.060 1 )  D(0 0.217 -1)
51.579  A(0.755 0.200 0.060 1 )  D(0 0.195 -1)
51.639  A(0.591 0.200 0.060 0 )
51.699  A(0.139 0.200 0.060 1 )  D(0 0.202 -1)
51.759  A(0.277 0.200 0.060 1 )  D(0 0.159 -1)
51.819  A(0.220 0.200 0.060 0 )
51.879  A(0.239 0.200 0.060 0 )
51.918  A(1.000 0.200 0.060 -1)  D(1 0.190 1 )
51.978  A(0.107 0.200 0.060 1 )  D(0 0.183 -1)
52.038  A(0.161 0.200 0.060 0 )
52.098  A(0.983 0.200 0.060 1 )  D(0 0.259 -1)
52.158  A(0.839 0.200 0.060 0 )
52.218  A(0.802 0.200 0.060 0 )
52.278  A(0.472 0.200 0.060 0 )
52.338  A(0.426 0.200 0.060 0 )
52.357  A(1.000 0.200 0.060 -1)  D(1 0.143 1 )
52.417  A(0.023 0.200 0.060 1 )  D(0 0.208 -1)
52.477  A(0.785 0.200 0.060 1 )  D(0 0.294 -1)
52.537  A(0.421 0.200 0.060 0 )
52.597  A(0.698 0.200 0.060 0 )
52.657  A(0.299 0.200 0.060 0 )
52.717  A(0.660 0.200 0.060 0 )
52.771  A(1.000 0.200 0.060 -1)  D(1 0.262 1 )
52.831  A(0.050 0.200 0.060 1 )  D(0 0.169 -1)
52.891  A(0.504 0.200 0.060 1 )  D(0 0.276 -1)
52.951  A(0.440 0.200 0.060 0 )
53.011  A(0.128 0.200 0.060 1 )  D(0 0.205 -1)
53.071  A(0.080 0.200 0.060 0 )
53.131  A(0.860 0.200 0.060 1 )  D(0 0.113 -1)
53.191  A(0.710 0.200 0.060 0 )
53.243  A(1.000 0.200 0.060 -1)  D(1 0.121 1 )
53.303  A(0.447 0.200 0.060 0 )
53.363  A(0.263 0.200 0.060 0 )
53.364  A(0.000 0.200 0.060 -1)  D(0 0.137 1 )
53.424  A(0.762 0.200 0.060 1 )  D(0 0.117 -1)
53.484  A(0.137 0.200 0.060 1 )  D(0 0.267 -1)
53.544  A(0.337 0.200 0.060 1 )  D(0 0.254 -1)
53.604  A(0.209 0.200 0.060 0 )
53.664  A(0.049 0.200 0.060 1 )  D(0 0.216 -1)
53.724  A(0.660 0.200 0.060 1 )  D(0 0.296 -1)
53.784  A(0.381 0.200 0.060 0 )
53.844  A(0.376 0.200 0.060 0 )
53.904  A(0.400 0.200 0.060 0 )
53.964  A(0.565 0.200 0.060 0 )
54.020  A(1.000 0.200 0.060 -1)  D(1 0.233 1 )
54.080  A(0.159 0.200 0.060 1 )  D(0 0.298 -1)
54.140  A(0.078 0.200 0.060 0 )
54.200  A(0.881 0.200 0.060 1 )  D(0 0.283 -1)
54.260  A(0.805 0.200 0.060 0 )
54.320  A(0.847 0.200 0.060 0 )
54.380  A(0.051 0.200 0.060 1 )  D(0 0.215 -1)
54.440  A(0.782 0.200 0.060 1 )  D(0 0.263 -1)
54.500  A(0.420 0.200 0.060 0 )
54.560  A(0.348 0.200 0.060 0 )
54.620  A(0.884 0.200 0.060 0 )
54.680  A(0.086 0.200 0.060 1 )  D(0 0.122 -1)
54.740  A(0.512 0.200 0.060 1 )  D(0 0.266 -1)
54.800  A(0.658 0.200 0.060 0 )
54.860  A(0.678 0.200 0.060 0 )
54.920  A(0.350 0.200 0.060 0 )
54.980  A(0.049 0.200 0.060 1 )  D(0 0.220 -1)
55.040  A(0.514 0.200 0.060 1 )  D(0 0.229 -1)
55.100  A(0.490 0.200 0.060 0 )
55.160  A(0.695 0.200 0.060 0 )
55.220  A(0.892 0.200 0.060 0 )
55.269  A(1.000 0.200 0.060 -1)  D(1 0.229 1 )
55.329  A(0.075 0.200 0.060 1 )  D(0 0.198 -1)
55.389  A(0.840 0.200 0.060 1 )  D(0 0.192 -1)
55.449  A(0.726 0.200 0.060 0 )
55.509  A(0.043 0.200 0.060 1 )  D(0 0.193 -1)
55.569  A(0.823 0.200 0.060 1 )  D(0 0.143 -1)
55.629  A(0.264 0.200 0.060 0 )
55.689  A(0.839 0.200 0.060 0 )
55.712  A(1.000 0.200 0.060 -1)  D(1 0.148 1 )
55.772  A(0.244 0.200 0.060 0 )
55.832  A(0.838 0.200 0.060 0 )
55.860  A(0.000 0.200 0.060 -1)  D(0 0.139 1 )
55.920  A(0.562 0.200 0.060 1 )  D(0 0.298 -1)
55.980  A(0.067 0.200 0.060 1 )  D(0 0.265 -1)
56.040  A(0.667 0.200 0.060 1 )  D(0 0.155 -1)
56.100  A(0.000 0.200 0.060 1 )  D(0 0.137 -1)
56.160  A(0.747 0.200 0.060 1 )  D(0 0.281 -1)
56.220  A(0.077 0.200 0.060 1 )  D(0 0.107 -1)
56.280  A(0.228 0.200 0.060 1 )  D(0 0.136 -1)
56.340  A(0.850 0.200 0.060 0 )
56.400  A(0.657 0.200 0.060 0 )
56.416  A(1.000 0.200 0.060 -1)  D(1 0.284 1 )
56.476  A(0.934 0.200 0.060 0 )
56.536  A(0.648 0.200 0.060 0 )
56.596  A(0.716 0.200 0.060 0 )
56.656  A(0.761 0.200 0.060 0 )
56.700  A(0.000 0.200 0.060 -1)  D(0 0.182 1 )
56.760  A(0.735 0.200 0.060 1 )  D(0 0.184 -1)
56.820  A(0.605 0.200 0.060 0 )
56.880  A(0.128 0.200 0.060 1 )  D(0 0.158 -1)
56.940  A(0.062 0.200 0.060 0 )
57.000  A(0.340 0.200 0.060 1 )  D(0 0.122 -1)
57.060  A(0.788 0.200 0.060 0 )
57.120  A(0.324 0.200 0.060 0 )
57.122  A(1.000 0.200 0.060 -1)  D(1 0.119 1 )
57.182  A(0.195 0.200 0.060 1 )  D(0 0.173 -1)
57.242  A(0.015 0.200 0.060 0 )
57.302  A(0.923 0.200 0.060 1 )  D(0 0.151 -1)
57.362  A(0.716 0.200 0.060 0 )
57.422  A(0.009 0.200 0.060 1 )  D(0 0.122 -1)
57.482  A(0.159 0.200 0.060 0 )
57.542  A(0.186 0.200 0.060 0 )
57.544  A(1.000 0.200 0.060 -1)  D(1 0.190 1 )
57.604  A(0.385 0.200 0.060 0 )
57.664  A(0.319 0.200 0.060 0 )
57.724  A(0.540 0.200 0.060 0 )
57.735  A(0.000 0.200 0.060 -1)  D(0 0.157 1 )
57.795  A(0.891 0.200 0.060 1 )  D(0 0.143 -1)
57.855  A(0.926 0.200 0.060 0 )
57.915  A(0.351 0.200 0.060 0 )
57.938  A(1.000 0.200 0.060 -1)  D(1 0.292 1 )
57.998  A(0.037 0.200 0.060 1 )  D(0 0.161 -1)
58.058  A(0.039 0.200 0.060 0 )
58.118  A(0.947 0.200 0.060 1 )  D(0 0.102 -1)
58.178  A(0.459 0.200 0.060 0 )
58.219  A(1.000 0.200 0.060 -1)  D(1 0.110 1 )
58.279  A(0.509 0.200 0.060 0 )
58.329  A(0.000 0.200 0.060 -1)  D(0 0.144 1 )
58.389  A(0.823 0.200 0.060 1 )  D(0 0.232 -1)
58.449  A(0.298 0.200 0.060 0 )
58.509  A(0.510 0.200 0.060 0 )
58.569  A(0.469 0.200 0.060 0 )
58.621  A(1.000 0.200 0.060 -1)  D(1 0.224 1 )
58.681  A(0.609 0.200 0.060 0 )
58.741  A(0.177 0.200 0.060 1 )  D(0 0.237 -1)
58.801  A(0.994 0.200 0.060 1 )  D(0 0.142 -1)
58.861  A(0.158 0.200 0.060 1 )  D(0 0.203 -1)
58.921  A(0.973 0.200 0.060 1 )  D(0 0.211 -1)
58.981  A(0.066 0.200 0.060 1 )  D(0 0.288 -1)
59.041  A(0.762 0.200 0.060 1 )  D(0 0.180 -1)
59.101  A(0.699 0.200 0.060 0 )
59.161  A(0.091 0.200 0.060 1 )  D(0 0.197 -1)
59.221  A(0.878 0.200 0.060 1 )  D(0 0.213 -1)
59.281  A(0.514 0.200 0.060 0 )
59.341  A(0.229 0.200 0.060 0 )
59.401  A(0.559 0.200 0.060 0 )
59.435  A(1.000 0.200 0.060 -1)  D(1 0.103 1 )
59.495  A(0.883 0.200 0.060 0 )
59.537  A(0.000 0.200 0.060 -1)  D(0 0.247 1 )
59.597  A(0.223 0.200 0.060 1 )  D(0 0.146 -1)
59.657  A(0.296 0.200 0.060 0 )
59.717  A(0.473 0.200 0.060 0 )
59.743  A(1.000 0.200 0.060 -1)  D(1 0.207 1 )
59.803  A(0.983 0.200 0.060 0 )
59.863  A(0.838 0.200 0.060 0 )
59.923  A(0.250 0.200 0.060 0 )
59.950  A(0.000 0.200 0.060 -1)  D(0 0.151 1 )
60.010  A(0.639 0.200 0.060 1 )  D(0 0.253 -1)
60.070  A(0.780 0.200 0.060 0 )
60.130  A(0.177 0.200 0.060 1 )  D(0 0.244 -1)
60.190  A(0.444 0.200 0.060 1 )  D(0 0.249 -1)
60.250  A(0.994 0.200 0.060 0 )
60.310  A(0.002 0.200 0.060 1 )  D(0 0.185 -1)
60.370  A(0.962 0.200 0.060 1 )  D(0 0.112 -1)
60.430  A(0.640 0.200 0.060 0 )
60.482  A(1.000 0.200 0.060 -1)  D(1 0.206 1 )
60.542  A(0.623 0.200 0.060 0 )
60.602  A(0.921 0.200 0.060 0 )
60.662  A(0.304 0.200 0.060 0 )
60.688  A(0.000 0.200 0.060 -1)  D(0 0.234 1 )
60.748  A(0.318 0.200 0.060 1 )  D(0 0.153 -1)
60.808  A(0.443 0.200 0.060 0 )
60.868  A(0.866 0.200 0.060 0 )
60.901  A(1.000 0.200 0.060 -1)  D(1 0.129 1 )
60.961  A(0.851 0.200 0.060 0 )
61.021  A(0.507 0.200 0.060 0 )
61.030  A(0.000 0.200 0.060 -1)  D(0 0.136 1 )
61.090  A(0.065 0.200 0.060 0 )
61.150  A(0.063 0.200 0.060 0 )
61.166  A(1.000 0.200 0.060 -1)  D(1 0.269 1 )
61.226  A(0.269 0.200 0.060 0 )
61.286  A(0.462 0.200 0.060 0 )
61.346  A(0.761 0.200 0.060 0 )
61.406  A(0.054 0.200 0.060 1 )  D(0 0.126 -1)
61.466  A(0.053 0.200 0.060 0 )
61.526  A(0.688 0.200 0.060 1 )  D(0 0.146 -1)
61.586  A(0.547 0.200 0.060 0 )
61.646  A(0.973 0.200 0.060 0 )
61.672  A(1.000 0.200 0.060 -1)  D(1 0.241 1 )
61.732  A(0.645 0.200 0.060 0 )
61.792  A(0.752 0.200 0.060 0 )
61.852  A(0.595 0.200 0.060 0 )
61.912  A(0.955 0.200 0.060 0 )
61.913  A(0.000 0.200 0.060 -1)  D(0 0.229 1 )
61.973  A(0.448 0.200 0.060 1 )  D(0 0.222 -1)
62.033  A(0.352 0.200 0.060 0 )
62.093  A(0.685 0.200 0.060 0 )
62.153  A(0.632 0.200 0.060 0 )
62.196  A(1.000 0.200 0.060 -1)  D(1 0.232 1 )
62.256  A(0.675 0.200 0.060 0 )
62.316  A(0.279 0.200 0.060 0 )
62.376  A(0.777 0.200 0.060 0 )
62.427  A(0.000 0.200 0.060 -1)  D(0 0.129 1 )
62.487  A(0.581 0.200 0.060 1 )  D(0 0.108 -1)
62.547  A(0.013 0.200 0.060 1 )  D(0 0.275 -1)
62.607  A(0.519 0.200 0.060 1 )  D(0 0.205 -1)
62.667  A(0.128 0.200 0.060 1 )  D(0 0.126 -1)
62.727  A(0.740 0.200 0.060 1 )  D(0 0.245 -1)
62.787  A(0.411 0.200 0.060 0 )
62.847  A(0.718 0.200 0.060 0 )
62.907  A(0.713 0.200 0.060 0 )
62.967  A(0.558 0.200 0.060 0 )
62.973  A(1.000 0.200 0.060 -1)  D(1 0.117 1 )
63.033  A(0.889 0.200 0.060 0 )
63.090  A(0.000 0.200 0.060 -1)  D(0 0.178 1 )
63.150  A(0.321 0.200 0.060 1 )  D(0 0.142 -1)
63.210  A(0.222 0.200 0.060 0 )
63.270  A(0.325 0.200 0.060 0 )
63.291  A(1.000 0.200 0.060 -1)  D(1 0.190 1 )
63.351  A(0.748 0.200 0.060 0 )
63.411  A(0.676 0.200 0.060 0 )
63.471  A(0.318 0.200 0.060 0 )
63.481  A(0.000 0.200 0.060 -1)  D(0 0.230 1 )
63.541  A(0.451 0.200 0.060 1 )  D(0 0.209 -1)
63.601  A(0.635 0.200 0.060 0 )
63.661  A(0.521 0.200 0.060 0 )
63.721  A(0.255 0.200 0.060 0 )
63.750  A(1.000 0.200 0.060 -1)  D(1 0.122 1 )
63.810  A(0.736 0.200 0.060 0 )
63.870  A(0.916 0.200 0.060 0 )
63.872  A(0.000 0.200 0.060 -1)  D(0 0.116 1 )
63.932  A(0.609 0.200 0.060 1 )  D(0 0.259 -1)
63.992  A(0.246 0.200 0.060 0 )
64.052  A(0.515 0.200 0.060 0 )
64.112  A(0.384 0.200 0.060 0 )
64.172  A(0.468 0.200 0.060 0 )
64.192  A(1.000 0.200 0.060 -1)  D(1 0.159 1 )
64.252  A(0.842 0.200 0.060 0 )
64.312  A(0.545 0.200 0.060 0 )
64.350  A(0.000 0.200 0.060 -1)  D(0 0.145 1 )
64.410  A(0.542 0.200 0.060 1 )  D(0 0.138 -1)
64.470  A(0.824 0.200 0.060 0 )
64.530  A(0.562 0.200 0.060 0 )
64.548  A(1.000 0.200 0.060 -1)  D(1 0.108 1 )
64.608  A(0.700 0.200 0.060 0 )
64.656  A(0.000 0.200 0.060 -1)  D(0 0.135 1 )
64.716  A(0.384 0.200 0.060 1 )  D(0 0.228 -1)
64.776  A(0.935 0.200 0.060 0 )
64.836  A(0.623 0.200 0.060 0 )
64.896  A(0.427 0.200 0.060 0 )
64.945  A(1.000 0.200 0.060 -1)  D(1 0.213 1 )
65.005  A(0.616 0.200 0.060 0 )
65.065  A(0.234 0.200 0.060 0 )
65.125  A(0.111 0.200 0.060 1 )  D(0 0.192 -1)
65.185  A(0.104 0.200 0.060 0 )
65.245  A(0.709 0.200 0.060 1 )  D(0 0.249 -1)
65.305  A(0.824 0.200 0.060 0 )
65.365  A(0.118 0.200 0.060 1 )  D(0 0.162 -1)
65.425  A(0.953 0.200 0.060 1 )  D(0 0.272 -1)
65.485  A(0.814 0.200 0.060 0 )
65.545  A(0.584 0.200 0.060 0 )
65.605  A(0.151 0.200 0.060 1 )  D(0 0.176 -1)
65.665  A(0.001 0.200 0.060 0 )
65.725  A(0.192 0.200 0.060 0 )
65.780  A(1.000 0.200 0.060 -1)  D(1 0.253 1 )
65.840  A(0.151 0.200 0.060 1 )  D(0 0.148 -1)
65.900  A(0.020 0.200 0.060 0 )
65.960  A(0.401 0.200 0.060 1 )  D(0 0.243 -1)
66.020  A(0.008 0.200 0.060 1 )  D(0 0.196 -1)
66.080  A(0.790 0.200 0.060 1 )  D(0 0.126 -1)
66.140  A(0.987 0.200 0.060 0 )
66.200  A(0.616 0.200 0.060 0 )
66.206  A(1.000 0.200 0.060 -1)  D(1 0.183 1 )
66.266  A(0.404 0.200 0.060 0 )
66.326  A(0.179 0.200 0.060 1 )  D(0 0.293 -1)
66.386  A(0.157 0.200 0.060 0 )
66.446  A(0.024 0.200 0.060 0 )
66.506  A(0.187 0.200 0.060 0 )
66.566  A(0.244 0.200 0.060 1 )  D(0 0.135 -1)
66.626  A(0.785 0.200 0.060 0 )
66.686  A(0.448 0.200 0.060 0 )
66.701  A(1.000 0.200 0.060 -1)  D(1 0.186 1 )
66.761  A(0.989 0.200 0.060 0 )
66.821  A(0.507 0.200 0.060 0 )
66.881  A(0.656 0.200 0.060 0 )
66.887  A(0.000 0.200 0.060 -1)  D(0 0.200 1 )
66.947  A(0.087 0.200 0.060 0 )
67.007  A(0.050 0.200 0.060 0 )
67.067  A(0.189 0.200 0.060 0 )
67.087  A(1.000 0.200 0.060 -1)  D(1 0.227 1 )
67.147  A(0.875 0.200 0.060 0 )
67.207  A(0.866 0.200 0.060 0 )
67.267  A(0.845 0.200 0.060 0 )
67.313  A(0.000 0.200 0.060 -1)  D(0 0.233 1 )
67.373  A(0.234 0.200 0.060 1 )  D(0 0.298 -1)
67.433  A(0.232 0.200 0.060 0 )
67.493  A(0.534 0.200 0.060 0 )
67.553  A(0.850 0.200 0.060 0 )
67.613  A(0.674 0.200 0.060 0 )
67.671  A(1.000 0.200 0.060 -1)  D(1 0.172 1 )
67.731  A(0.819 0.200 0.060 0 )
67.791  A(0.476 0.200 0.060 0 )
67.842  A(0.000 0.200 0.060 -1)  D(0 0.160 1 )
67.902  A(0.465 0.200 0.060 1 )  D(0 0.292 -1)
67.962  A(0.009 0.200 0.060 1 )  D(0 0.253 -1)
68.022  A(0.208 0.200 0.060 1 )  D(0 0.200 -1)
68.082  A(0.556 0.200 0.060 0 )
68.142  A(0.372 0.200 0.060 0 )
68.202  A(0.388 0.200 0.060 0 )
68.223  A(1.000 0.200 0.060 -1)  D(1 0.208 1 )
68.283  A(0.213 0.200 0.060 0 )
68.343  A(0.591 0.200 0.060 0 )
68.403  A(0.281 0.200 0.060 0 )
68.431  A(0.000 0.200 0.060 -1)  D(0 0.172 1 )
68.491  A(0.361 0.200 0.060 1 )  D(0 0.256 -1)
68.551  A(0.288 0.200 0.060 0 )
68.611  A(0.746 0.200 0.060 0 )
68.671  A(0.968 0.200 0.060 0 )
68.731  A(0.753 0.200 0.060 0 )
68.747  A(1.000 0.200 0.060 -1)  D(1 0.184 1 )
68.807  A(0.714 0.200 0.060 0 )
68.867  A(0.312 0.200 0.060 0 )
68.927  A(0.932 0.200 0.060 0 )
68.931  A(0.000 0.200 0.060 -1)  D(0 0.209 1 )
68.991  A(0.930 0.200 0.060 1 )  D(0 0.215 -1)
69.051  A(0.962 0.200 0.060 0 )
69.111  A(0.781 0.200 0.060 0 )
69.171  A(0.662 0.200 0.060 0 )
69.206  A(1.000 0.200 0.060 -1)  D(1 0.298 1 )
69.266  A(0.990 0.200 0.060 0 )
69.326  A(0.056 0.200 0.060 1 )  D(0 0.203 -1)
69.386  A(0.299 0.200 0.060 1 )  D(0 0.102 -1)
69.446  A(0.757 0.200 0.060 0 )
69.488  A(1.000 0.200 0.060 -1)  D(1 0.151 1 )
69.548  A(0.769 0.200 0.060 0 )
69.608  A(0.645 0.200 0.060 0 )
69.639  A(0.000 0.200 0.060 -1)  D(0 0.168 1 )
69.699  A(0.566 0.200 0.060 1 )  D(0 0.220 -1)
69.759  A(0.175 0.200 0.060 1 )  D(0 0.100 -1)
69.819  A(0.781 0.200 0.060 1 )  D(0 0.192 -1)
69.879  A(0.713 0.200 0.060 0 )
69.939  A(0.836 0.200 0.060 0 )
69.999  A(0.830 0.200 0.060 0 )
70.011  A(1.000 0.200 0.060 -1)  D(1 0.269 1 )
70.071  A(0.529 0.200 0.060 0 )
70.131  A(0.438 0.200 0.060 0 )
70.191  A(0.503 0.200 0.060 0 )
70.251  A(0.116 0.200 0.060 1 )  D(0 0.139 -1)
70.311  A(0.656 0.200 0.060 1 )  D(0 0.199 -1)
70.371  A(0.575 0.200 0.060 0 )
70.431  A(0.677 0.200 0.060 0 )
70.491  A(0.398 0.200 0.060 0 )
70.510  A(1.000 0.200 0.060 -1)  D(1 0.120 1 )
70.570  A(0.351 0.200 0.060 0 )
70.630  A(0.687 0.200 0.060 0 )
70.630  A(0.000 0.200 0.060 -1)  D(0 0.237 1 )
70.690  A(0.152 0.200 0.060 0 )
70.750  A(0.333 0.200 0.060 1 )  D(0 0.149 -1)
70.810  A(0.073 0.200 0.060 1 )  D(0 0.119 -1)
70.870  A(0.624 0.200 0.060 1 )  D(0 0.107 -1)
70.930  A(0.229 0.200 0.060 0 )
70.977  A(1.000 0.200 0.060 -1)  D(1 0.265 1 )
71.037  A(0.045 0.200 0.060 1 )  D(0 0.159 -1)
71.097  A(0.973 0.200 0.060 1 )  D(0 0.123 -1)
71.157  A(0.010 0.200 0.060 1 )  D(0 0.129 -1)
71.217  A(0.635 0.200 0.060 1 )  D(0 0.263 -1)
71.277  A(0.059 0.200 0.060 1 )  D(0 0.244 -1)
71.337  A(0.813 0.200 0.060 1 )  D(0 0.247 -1)
71.397  A(0.769 0.200 0.060 0 )
71.457  A(0.277 0.200 0.060 0 )
71.517  A(0.176 0.200 0.060 1 )  D(0 0.300 -1)
71.577  A(0.883 0.200 0.060 1 )  D(0 0.274 -1)
71.637  A(0.493 0.200 0.060 0 )
71.697  A(0.641 0.200 0.060 0 )
71.757  A(0.716 0.200 0.060 0 )
71.817  A(0.289 0.200 0.060 0 )
71.852  A(1.000 0.200 0.060 -1)  D(1 0.234 1 )
71.912  A(0.650 0.200 0.060 0 )
71.972  A(0.428 0.200 0.060 0 )
72.032  A(0.071 0.200 0.060 1 )  D(0 0.193 -1)
72.092  A(0.526 0.200 0.060 1 )  D(0 0.100 -1)
72.152  A(0.813 0.200 0.060 0 )
72.192  A(1.000 0.200 0.060 -1)  D(1 0.135 1 )
72.252  A(0.680 0.200 0.060 0 )
72.312  A(0.388 0.200 0.060 0 )
72.327  A(0.000 0.200 0.060 -1)  D(0 0.122 1 )
72.387  A(0.797 0.200 0.060 1 )  D(0 0.212 -1)
72.447  A(0.161 0.200 0.060 1 )  D(0 0.216 -1)
72.507  A(0.869 0.200 0.060 1 )  D(0 0.182 -1)
72.567  A(0.059 0.200 0.060 1 )  D(0 0.106 -1)
72.627  A(0.313 0.200 0.060 1 )  D(0 0.183 -1)
72.687  A(0.594 0.200 0.060 0 )
72.747  A(0.710 0.200 0.060 0 )
72.807  A(0.127 0.200 0.060 1 )  D(0 0.201 -1)
72.867  A(0.185 0.200 0.060 0 )
72.927  A(0.209 0.200 0.060 1 )  D(0 0.260 -1)
72.987  A(0.598 0.200 0.060 0 )
73.047  A(0.423 0.200 0.060 0 )
73.107  A(0.511 0.200 0.060 0 )
73.167  A(0.063 0.200 0.060 1 )  D(0 0.217 -1)
73.227  A(0.461 0.200 0.060 1 )  D(0 0.292 -1)
73.287  A(0.266 0.200 0.060 0 )
73.347  A(0.637 0.200 0.060 0 )
73.407  A(0.096 0.200 0.060 1 )  D(0 0.229 -1)
73.467  A(0.060 0.200 0.060 0 )
73.527  A(0.215 0.200 0.060 1 )  D(0 0.245 -1)
73.587  A(0.849 0.200 0.060 0 )
73.647  A(0.159 0.200 0.060 1 )  D(0 0.249 -1)
73.707  A(0.955 0.200 0.060 1 )  D(0 0.105 -1)
73.767  A(0.625 0.200 0.060 0 )
73.812  A(1.000 0.200 0.060 -1)  D(1 0.141 1 )
73.872  A(0.215 0.200 0.060 0 )
73.932  A(0.981 0.200 0.060 0 )
73.954  A(0.000 0.200 0.060 -1)  D(0 0.278 1 )
74.014  A(0.437 0.200 0.060 1 )  D(0 0.248 -1)
74.074  A(0.836 0.200 0.060 0 )
74.134  A(0.850 0.200 0.060 0 )
74.194  A(0.237 0.200 0.060 0 )
74.254  A(0.245 0.200 0.060 0 )
74.262  A(1.000 0.200 0.060 -1)  D(1 0.141 1 )
74.322  A(0.564 0.200 0.060 0 )
74.382  A(0.378 0.200 0.060 0 )
74.403  A(0.000 0.200 0.060 -1)  D(0 0.191 1 )
74.463  A(0.042 0.200 0.060 0 )
74.523  A(0.068 0.200 0.060 0 )
74.583  A(0.078 0.200 0.060 0 )
74.594  A(1.000 0.200 0.060 -1)  D(1 0.245 1 )
74.654  A(0.694 0.200 0.060 0 )
74.714  A(0.906 0.200 0.060 0 )
74.774  A(0.346 0.200 0.060 0 )
74.834  A(0.382 0.200 0.060 0 )
74.838  A(0.000 0.200 0.060 -1)  D(0 0.155 1 )
74.898  A(0.796 0.200 0.060 1 )  D(0 0.154 -1)
74.958  A(0.475 0.200 0.060 0 )
75.018  A(0.751 0.200 0.060 0 )
75.052  A(1.000 0.200 0.060 -1)  D(1 0.235 1 )
75.112  A(0.616 0.200 0.060 0 )
75.172  A(0.235 0.200 0.060 0 )
75.232  A(0.441 0.200 0.060 0 )
75.287  A(0.000 0.200 0.060 -1)  D(0 0.165 1 )
75.347  A(0.400 0.200 0.060 1 )  D(0 0.205 -1)
75.407  A(0.590 0.200 0.060 0 )
75.467  A(0.021 0.200 0.060 1 )  D(0 0.202 -1)
75.527  A(0.204 0.200 0.060 1 )  D(0 0.254 -1)
75.587  A(0.891 0.200 0.060 0 )
75.647  A(0.151 0.200 0.060 1 )  D(0 0.265 -1)
75.707  A(0.503 0.200 0.060 1 )  D(0 0.145 -1)
75.767  A(0.594 0.200 0.060 0 )
75.827  A(0.218 0.200 0.060 0 )
75.852  A(1.000 0.200 0.060 -1)  D(1 0.279 1 )
75.912  A(0.683 0.200 0.060 0 )
75.972  A(0.794 0.200 0.060 0 )
76.032  A(0.252 0.200 0.060 0 )
76.092  A(0.501 0.200 0.060 0 )
76.131  A(0.000 0.200 0.060 -1)  D(0 0.142 1 )
76.191  A(0.636 0.200 0.060 1 )  D(0 0.173 -1)
76.251  A(0.231 0.200 0.060 0 )
76.311  A(0.942 0.200 0.060 0 )
76.364  A(1.000 0.200 0.060 -1)  D(1 0.193 1 )
76.424  A(0.936 0.200 0.060 0 )
76.484  A(0.893 0.200 0.060 0 )
76.544  A(0.917 0.200 0.060 0 )
76.557  A(0.000 0.200 0.060 -1)  D(0 0.100 1 )
76.617  A(0.265 0.200 0.060 1 )  D(0 0.261 -1)
76.677  A(0.398 0.200 0.060 0 )
76.737  A(0.446 0.200 0.060 0 )
76.797  A(0.761 0.200 0.060 0 )
76.857  A(0.608 0.200 0.060 0 )
76.877  A(1.000 0.200 0.060 -1)  D(1 0.146 1 )
76.937  A(0.152 0.200 0.060 1 )  D(0 0.289 -1)
76.997  A(0.388 0.200 0.060 1 )  D(0 0.147 -1)
77.057  A(0.379 0.200 0.060 0 )
77.117  A(0.523 0.200 0.060 0 )
77.144  A(1.000 0.200 0.060 -1)  D(1 0.158 1 )
77.204  A(0.561 0.200 0.060 0 )
77.264  A(0.666 0.200 0.060 0 )
77.302  A(0.000 0.200 0.060 -1)  D(0 0.246 1 )
77.362  A(0.998 0.200 0.060 1 )  D(0 0.263 -1)
77.422  A(0.042 0.200 0.060 1 )  D(0 0.142 -1)
77.482  A(0.973 0.200 0.060 1 )  D(0 0.261 -1)
77.542  A(0.209 0.200 0.060 0 )
77.602  A(0.539 0.200 0.060 0 )
77.662  A(0.362 0.200 0.060 0 )
77.722  A(0.806 0.200 0.060 0 )
77.743  A(1.000 0.200 0.060 -1)  D(1 0.178 1 )
77.803  A(0.758 0.200 0.060 0 )
77.863  A(0.603 0.200 0.060 0 )
77.921  A(0.000 0.200 0.060 -1)  D(0 0.250 1 )
77.981  A(0.148 0.200 0.060 0 )
78.041  A(0.805 0.200 0.060 1 )  D(0 0.292 -1)
78.101  A(0.437 0.200 0.060 0 )
78.161  A(0.242 0.200 0.060 0 )
78.221  A(0.220 0.200 0.060 0 )
78.281  A(0.251 0.200 0.060 0 )
78.333  A(1.000 0.200 0.060 -1)  D(1 0.263 1 )
78.393  A(0.148 0.200 0.060 1 )  D(0 0.144 -1)
78.453  A(0.025 0.200 0.060 0 )
78.513  A(0.169 0.200 0.060 0 )
78.536  A(1.000 0.200 0.060 -1)  D(1 0.256 1 )
78.596  A(0.900 0.200 0.060 0 )
78.656  A(0.040 0.200 0.060 1 )  D(0 0.135 -1)
78.716  A(0.932 0.200 0.060 1 )  D(0 0.151 -1)
78.776  A(0.651 0.200 0.060 0 )
78.836  A(0.645 0.200 0.060 0 )
78.867  A(1.000 0.200 0.060 -1)  D(1 0.199 1 )
78.927  A(0.240 0.200 0.060 0 )
78.987  A(0.047 0.200 0.060 1 )  D(0 0.240 -1)
79.047  A(0.637 0.200 0.060 1 )  D(0 0.196 -1)
79.107  A(0.698 0.200 0.060 0 )
79.167  A(0.372 0.200 0.060 0 )
79.227  A(0.906 0.200 0.060 0 )
79.243  A(1.000 0.200 0.060 -1)  D(1 0.218 1 )
79.303  A(0.957 0.200 0.060 0 )
79.363  A(0.249 0.200 0.060 0 )
79.423  A(0.343 0.200 0.060 0 )
79.461  A(0.000 0.200 0.060 -1)  D(0 0.208 1 )
79.521  A(0.075 0.200 0.060 0 )
79.581  A(0.355 0.200 0.060 1 )  D(0 0.149 -1)
79.641  A(0.897 0.200 0.060 0 )
79.701  A(0.217 0.200 0.060 0 )
79.730  A(1.000 0.200 0.060 -1)  D(1 0.214 1 )
79.790  A(0.824 0.200 0.060 0 )
79.850  A(0.554 0.200 0.060 0 )
79.910  A(0.378 0.200 0.060 0 )
79.945  A(0.000 0.200 0.060 -1)  D(0 0.201 1 )
80.005  A(0.763 0.200 0.060 1 )  D(0 0.189 -1)
80.065  A(0.815 0.200 0.060 0 )
80.125  A(0.705 0.200 0.060 0 )
80.185  A(0.183 0.200 0.060 1 )  D(0 0.171 -1)
80.245  A(0.605 0.200 0.060 1 )  D(0 0.199 -1)
80.305  A(0.486 0.200 0.060 0 )
80.365  A(0.211 0.200 0.060 0 )
80.425  A(0.382 0.200 0.060 0 )
80.443  A(1.000 0.200 0.060 -1)  D(1 0.127 1 )
80.503  A(0.628 0.200 0.060 0 )
80.563  A(0.001 0.200 0.060 1 )  D(0 0.207 -1)
80.623  A(0.359 0.200 0.060 1 )  D(0 0.238 -1)
80.683  A(0.541 0.200 0.060 0 )
80.743  A(0.071 0.200 0.060 1 )  D(0 0.181 -1)
80.803  A(0.866 0.200 0.060 1 )  D(0 0.260 -1)
80.863  A(0.156 0.200 0.060 1 )  D(0 0.245 -1)
80.923  A(0.217 0.200 0.060 1 )  D(0 0.165 -1)
80.983  A(0.537 0.200 0.060 0 )
81.043  A(0.170 0.200 0.060 1 )  D(0 0.187 -1)
81.103  A(0.062 0.200 0.060 0 )
81.163  A(0.322 0.200 0.060 1 )  D(0 0.231 -1)
81.223  A(0.013 0.200 0.060 1 )  D(0 0.277 -1)
81.283  A(0.426 0.200 0.060 1 )  D(0 0.125 -1)
81.343  A(0.996 0.200 0.060 0 )
81.403  A(0.927 0.200 0.060 0 )
81.408  A(1.000 0.200 0.060 -1)  D(1 0.112 1 )
81.468  A(0.365 0.200 0.060 0 )
81.521  A(0.000 0.200 0.060 -1)  D(0 0.214 1 )
81.581  A(0.513 0.200 0.060 1 )  D(0 0.198 -1)
81.641  A(0.029 0.200 0.060 1 )  D(0 0.116 -1)
81.701  A(0.202 0.200 0.060 1 )  D(0 0.242 -1)
81.761  A(0.909 0.200 0.060 0 )
81.821  A(0.670 0.200 0.060 0 )
81.881  A(0.868 0.200 0.060 0 )
81.941  A(0.794 0.200 0.060 0 )
81.943  A(1.000 0.200 0.060 -1)  D(1 0.234 1 )
82.003  A(0.851 0.200 0.060 0 )
82.063  A(0.585 0.200 0.060 0 )
82.123  A(0.630 0.200 0.060 0 )
82.177  A(0.000 0.200 0.060 -1)  D(0 0.205 1 )
82.237  A(0.418 0.200 0.060 1 )  D(0 0.198 -1)
82.297  A(0.655 0.200 0.060 0 )
82.357  A(0.331 0.200 0.060 0 )
82.417  A(0.227 0.200 0.060 0 )
82.435  A(1.000 0.200 0.060 -1)  D(1 0.141 1 )
82.495  A(0.176 0.200 0.060 1 )  D(0 0.165 -1)
82.555  A(0.528 0.200 0.060 1 )  D(0 0.261 -1)
82.615  A(0.714 0.200 0.060 0 )
82.675  A(0.866 0.200 0.060 0 )
82.735  A(0.252 0.200 0.060 0 )
82.795  A(0.507 0.200 0.060 0 )
82.816  A(1.000 0.200 0.060 -1)  D(1 0.139 1 )
82.876  A(0.442 0.200 0.060 0 )
82.936  A(0.361 0.200 0.060 0 )
82.955  A(0.000 0.200 0.060 -1)  D(0 0.255 1 )
83.015  A(0.196 0.200 0.060 0 )
83.075  A(0.706 0.200 0.060 1 )  D(0 0.173 -1)
83.135  A(0.018 0.200 0.060 1 )  D(0 0.246 -1)
83.195  A(0.975 0.200 0.060 1 )  D(0 0.118 -1)
83.255  A(0.183 0.200 0.060 1 )  D(0 0.273 -1)
83.315  A(0.061 0.200 0.060 0 )
83.375  A(0.212 0.200 0.060 1 )  D(0 0.240 -1)
83.435  A(0.210 0.200 0.060 0 )
83.495  A(0.518 0.200 0.060 0 )
83.555  A(0.239 0.200 0.060 0 )
83.615  A(0.937 0.200 0.060 0 )
83.616  A(1.000 0.200 0.060 -1)  D(1 0.285 1 )
83.676  A(0.248 0.200 0.060 0 )
83.736  A(0.474 0.200 0.060 0 )
83.796  A(0.489 0.200 0.060 0 )
83.856  A(0.953 0.200 0.060 0 )
83.901  A(0.000 0.200 0.060 -1)  D(0 0.220 1 )
83.961  A(0.854 0.200 0.060 1 )  D(0 0.224 -1)
84.021  A(0.598 0.200 0.060 0 )
84.081  A(0.109 0.200 0.060 1 )  D(0 0.172 -1)
84.141  A(0.226 0.200 0.060 1 )  D(0 0.246 -1)
84.201  A(0.940 0.200 0.060 0 )
84.261  A(0.983 0.200 0.060 0 )
84.321  A(0.214 0.200 0.060 0 )
84.381  A(0.404 0.200 0.060 0 )
84.387  A(1.000 0.200 0.060 -1)  D(1 0.156 1 )
84.447  A(0.129 0.200 0.060 1 )  D(0 0.238 -1)
84.507  A(0.940 0.200 0.060 1 )  D(0 0.243 -1)
84.567  A(0.553 0.200 0.060 0 )
84.627  A(0.803 0.200 0.060 0 )
84.687  A(0.266 0.200 0.060 0 )
84.747  A(0.407 0.200 0.060 0 )
84.750  A(1.000 0.200 0.060 -1)  D(1 0.282 1 )
84.810  A(0.023 0.200 0.060 1 )  D(0 0.179 -1)
84.870  A(0.686 0.200 0.060 1 )  D(0 0.103 -1)
84.930  A(0.300 0.200 0.060 0 )
84.973  A(1.000 0.200 0.060 -1)  D(1 0.230 1 )
85.033  A(0.994 0.200 0.060 0 )
85.093  A(0.142 0.200 0.060 1 )  D(0 0.149 -1)
85.153  A(0.939 0.200 0.060 1 )  D(0 0.276 -1)
85.213  A(0.596 0.200 0.060 0 )
85.273  A(0.607 0.200 0.060 0 )
85.333  A(0.772 0.200 0.060 0 )
85.393  A(0.149 0.200 0.060 1 )  D(0 0.182 -1)
85.453  A(0.835 0.200 0.060 1 )  D(0 0.165 -1)
85.513  A(0.717 0.200 0.060 0 )
85.573  A(0.770 0.200 0.060 0 )
85.617  A(1.000 0.200 0.060 -1)  D(1 0.297 1 )
85.677  A(0.430 0.200 0.060 0 )
85.737  A(0.371 0.200 0.060 0 )
85.797  A(0.082 0.200 0.060 1 )  D(0 0.104 -1)
85.857  A(0.013 0.200 0.060 0 )
85.901  A(1.000 0.200 0.060 -1)  D(1 0.164 1 )
85.961  A(0.735 0.200 0.060 0 )
86.021  A(0.783 0.200 0.060 0 )
86.065  A(0.000 0.200 0.060 -1)  D(0 0.269 1 )
86.125  A(0.125 0.200 0.060 0 )
86.185  A(0.036 0.200 0.060 0 )
86.245  A(0.434 0.200 0.060 1 )  D(0 0.155 -1)
86.305  A(0.830 0.200 0.060 0 )
86.365  A(0.280 0.200 0.060 0 )
86.400  A(1.000 0.200 0.060 -1)  D(1 0.189 1 )
86.460  A(0.513 0.200 0.060 0 )
86.520  A(0.582 0.200 0.060 0 )
86.580  A(0.917 0.200 0.060 0 )
86.589  A(0.000 0.200 0.060 -1)  D(0 0.263 1 )
86.649  A(0.288 0.200 0.060 1 )  D(0 0.189 -1)
86.709  A(0.044 0.200 0.060 1 )  D(0 0.176 -1)
86.769  A(0.030 0.200 0.060 0 )
86.829  A(0.807 0.200 0.060 1 )  D(0 0.234 -1)
86.889  A(0.333 0.200 0.060 0 )
86.949  A(0.685 0.200 0.060 0 )
87.009  A(0.272 0.200 0.060 0 )
87.063  A(1.000 0.200 0.060 -1)  D(1 0.212 1 )
87.123  A(0.239 0.200 0.060 0 )
87.183  A(0.789 0.200 0.060 0 )
87.243  A(0.998 0.200 0.060 0 )
87.275  A(0.000 0.200 0.060 -1)  D(0 0.292 1 )
87.335  A(0.547 0.200 0.060 1 )  D(0 0.137 -1)
87.395  A(0.550 0.200 0.060 0 )
87.455  A(0.400 0.200 0.060 0 )
87.472  A(1.000 0.200 0.060 -1)  D(1 0.111 1 )
87.532  A(0.359 0.200 0.060 0 )
87.583  A(0.000 0.200 0.060 -1)  D(0 0.299 1 )
87.643  A(0.929 0.200 0.060 1 )  D(0 0.135 -1)
87.703  A(0.736 0.200 0.060 0 )
87.763  A(0.474 0.200 0.060 0 )
87.778  A(1.000 0.200 0.060 -1)  D(1 0.148 1 )
87.838  A(0.701 0.200 0.060 0 )
87.898  A(0.380 0.200 0.060 0 )
87.926  A(0.000 0.200 0.060 -1)  D(0 0.184 1 )
87.986  A(0.462 0.200 0.060 1 )  D(0 0.295 -1)
88.046  A(0.522 0.200 0.060 0 )
88.106  A(0.957 0.200 0.060 0 )
88.166  A(0.651 0.200 0.060 0 )
88.226  A(0.985 0.200 0.060 0 )
88.281  A(1.000 0.200 0.060 -1)  D(1 0.254 1 )
88.341  A(0.503 0.200 0.060 0 )
88.401  A(0.818 0.200 0.060 0 )
88.461  A(0.096 0.200 0.060 1 )  D(0 0.209 -1)
88.521  A(0.473 0.200 0.060 1 )  D(0 0.128 -1)
88.581  A(0.877 0.200 0.060 0 )
88.641  A(0.238 0.200 0.060 0 )
88.649  A(1.000 0.200 0.060 -1)  D(1 0.253 1 )
88.709  A(0.706 0.200 0.060 0 )
88.769  A(0.679 0.200 0.060 0 )
88.829  A(0.448 0.200 0.060 0 )
88.889  A(0.646 0.200 0.060 0 )
88.902  A(0.000 0.200 0.060 -1)  D(0 0.160 1 )
88.962  A(0.621 0.200 0.060 1 )  D(0 0.202 -1)
89.022  A(0.160 0.200 0.060 1 )  D(0 0.125 -1)
89.082  A(0.864 0.200 0.060 1 )  D(0 0.217 -1)
89.142  A(0.131 0.200 0.060 1 )  D(0 0.299 -1)
89.202  A(0.135 0.200 0.060 0 )
89.262  A(0.252 0.200 0.060 1 )  D(0 0.235 -1)
89.322  A(0.682 0.200 0.060 0 )
89.382  A(0.311 0.200 0.060 0 )
89.442  A(0.474 0.200 0.060 0 )
89.497  A(1.000 0.200 0.060 -1)  D(1 0.102 1 )
89.557  A(0.034 0.200 0.060 1 )  D(0 0.268 -1)
89.617  A(0.459 0.200 0.060 1 )  D(0 0.168 -1)
89.677  A(0.502 0.200 0.060 0 )
89.737  A(0.925 0.200 0.060 0 )
89.786  A(1.000 0.200 0.060 -1)  D(1 0.259 1 )
89.846  A(0.708 0.200 0.060 0 )
89.906  A(0.741 0.200 0.060 0 )
89.966  A(0.749 0.200 0.060 0 )
90.026  A(0.839 0.200 0.060 0 )
90.045  A(0.000 0.200 0.060 -1)  D(0 0.243 1 )
90.105  A(0.869 0.200 0.060 1 )  D(0 0.197 -1)
90.165  A(0.977 0.200 0.060 0 )
90.225  A(0.801 0.200 0.060 0 )
90.285  A(0.192 0.200 0.060 1 )  D(0 0.190 -1)
90.345  A(0.375 0.200 0.060 1 )  D(0 0.145 -1)
90.405  A(0.879 0.200 0.060 0 )
90.465  A(0.478 0.200 0.060 0 )
90.490  A(1.000 0.200 0.060 -1)  D(1 0.104 1 )
90.550  A(0.052 0.200 0.060 1 )  D(0 0.220 -1)
90.610  A(0.389 0.200 0.060 1 )  D(0 0.169 -1)
90.670  A(0.183 0.200 0.060 1 )  D(0 0.148 -1)
90.730  A(0.109 0.200 0.060 0 )
90.790  A(0.861 0.200 0.060 1 )  D(0 0.249 -1)
90.850  A(0.546 0.200 0.060 0 )
90.910  A(0.182 0.200 0.060 1 )  D(0 0.158 -1)
90.970  A(0.665 0.200 0.060 1 )  D(0 0.292 -1)
91.030  A(0.839 0.200 0.060 0 )
91.090  A(0.861 0.200 0.060 0 )
91.150  A(0.423 0.200 0.060 0 )
91.210  A(0.516 0.200 0.060 0 )
91.262  A(1.000 0.200 0.060 -1)  D(1 0.177 1 )
91.322  A(0.012 0.200 0.060 1 )  D(0 0.148 -1)
91.382  A(0.744 0.200 0.060 1 )  D(0 0.229 -1)
91.442  A(0.018 0.200 0.060 1 )  D(0 0.133 -1)
91.502  A(0.908 0.200 0.060 1 )  D(0 0.116 -1)
91.562  A(0.264 0.200 0.060 0 )
91.618  A(1.000 0.200 0.060 -1)  D(1 0.244 1 )
91.678  A(0.673 0.200 0.060 0 )
91.738  A(0.149 0.200 0.060 1 )  D(0 0.102 -1)
91.798  A(0.870 0.200 0.060 1 )  D(0 0.294 -1)
91.858  A(0.443 0.200 0.060 0 )
91.918  A(0.621 0.200 0.060 0 )
91.978  A(0.258 0.200 0.060 0 )
92.038  A(0.682 0.200 0.060 0 )
92.092  A(1.000 0.200 0.060 -1)  D(1 0.201 1 )
92.152  A(0.770 0.200 0.060 0 )
92.212  A(0.151 0.200 0.060 1 )  D(0 0.182 -1)
92.272  A(0.501 0.200 0.060 1 )  D(0 0.233 -1)
92.332  A(0.385 0.200 0.060 0 )
92.392  A(0.676 0.200 0.060 0 )
92.452  A(0.847 0.200 0.060 0 )
92.505  A(1.000 0.200 0.060 -1)  D(1 0.144 1 )
92.565  A(0.066 0.200 0.060 1 )  D(0 0.103 -1)
92.625  A(0.003 0.200 0.060 0 )
92.668  A(1.000 0.200 0.060 -1)  D(1 0.197 1 )
92.728  A(0.600 0.200 0.060 0 )
92.788  A(0.025 0.200 0.060 1 )  D(0 0.126 -1)
92.848  A(0.254 0.200 0.060 1 )  D(0 0.194 -1)
92.908  A(0.622 0.200 0.060 0 )
92.968  A(0.541 0.200 0.060 0 )
93.028  A(0.813 0.200 0.060 0 )
93.043  A(1.000 0.200 0.060 -1)  D(1 0.126 1 )
93.103  A(0.158 0.200 0.060 1 )  D(0 0.225 -1)
93.163  A(0.472 0.200 0.060 1 )  D(0 0.152 -1)
93.223  A(0.324 0.200 0.060 0 )
93.283  A(0.713 0.200 0.060 0 )
93.314  A(1.000 0.200 0.060 -1)  D(1 0.240 1 )
93.374  A(0.782 0.200 0.060 0 )
93.434  A(0.519 0.200 0.060 0 )
93.494  A(0.223 0.200 0.060 0 )
93.554  A(0.000 0.200 0.060 -1)  D(0 0.287 1 )
93.614  A(0.240 0.200 0.060 1 )  D(0 0.150 -1)
93.674  A(0.383 0.200 0.060 0 )
93.734  A(0.630 0.200 0.060 0 )
93.764  A(1.000 0.200 0.060 -1)  D(1 0.221 1 )
93.824  A(0.269 0.200 0.060 0 )
93.884  A(0.965 0.200 0.060 0 )
93.944  A(0.923 0.200 0.060 0 )
93.985  A(0.000 0.200 0.060 -1)  D(0 0.285 1 )
94.045  A(0.259 0.200 0.060 1 )  D(0 0.112 -1)
94.105  A(0.007 0.200 0.060 1 )  D(0 0.174 -1)
94.165  A(0.306 0.200 0.060 1 )  D(0 0.177 -1)
94.225  A(0.610 0.200 0.060 0 )
94.285  A(0.600 0.200 0.060 0 )
94.342  A(1.000 0.200 0.060 -1)  D(1 0.144 1 )
94.402  A(0.619 0.200 0.060 0 )
94.462  A(0.567 0.200 0.060 0 )
94.486  A(0.000 0.200 0.060 -1)  D(0 0.292 1 )
94.546  A(0.885 0.200 0.060 1 )  D(0 0.285 -1)
94.606  A(0.890 0.200 0.060 0 )
94.666  A(0.563 0.200 0.060 0 )
94.726  A(0.580 0.200 0.060 0 )
94.786  A(0.479 0.200 0.060 0 )
94.831  A(1.000 0.200 0.060 -1)  D(1 0.228 1 )
94.891  A(0.395 0.200 0.060 0 )
94.951  A(0.797 0.200 0.060 0 )
95.011  A(0.547 0.200 0.060 0 )
95.059  A(0.000 0.200 0.060 -1)  D(0 0.268 1 )
95.119  A(0.069 0.200 0.060 0 )
95.179  A(0.853 0.200 0.060 1 )  D(0 0.140 -1)
95.239  A(0.800 0.200 0.060 0 )
95.299  A(0.261 0.200 0.060 0 )
95.319  A(1.000 0.200 0.060 -1)  D(1 0.279 1 )
95.379  A(0.990 0.200 0.060 0 )
95.439  A(0.192 0.200 0.060 1 )  D(0 0.276 -1)
95.499  A(0.806 0.200 0.060 1 )  D(0 0.265 -1)
95.559  A(0.390 0.200 0.060 0 )
95.619  A(0.809 0.200 0.060 0 )
95.679  A(0.175 0.200 0.060 1 )  D(0 0.248 -1)
95.739  A(0.135 0.200 0.060 0 )
95.799  A(0.445 0.200 0.060 1 )  D(0 0.153 -1)
95.859  A(0.245 0.200 0.060 0 )
95.919  A(0.967 0.200 0.060 0 )
95.951  A(1.000 0.200 0.060 -1)  D(1 0.280 1 )
96.011  A(0.229 0.200 0.060 0 )
96.071  A(0.245 0.200 0.060 0 )
96.131  A(0.121 0.200 0.060 1 )  D(0 0.230 -1)
96.191  A(0.643 0.200 0.060 1 )  D(0 0.115 -1)
96.251  A(0.153 0.200 0.060 1 )  D(0 0.238 -1)
96.311  A(0.383 0.200 0.060 1 )  D(0 0.110 -1)
96.371  A(0.788 0.200 0.060 0 )
96.421  A(1.000 0.200 0.060 -1)  D(1 0.138 1 )
96.481  A(0.287 0.200 0.060 0 )
96.541  A(0.537 0.200 0.060 0 )
96.559  A(0.000 0.200 0.060 -1)  D(0 0.155 1 )
96.619  A(0.788 0.200 0.060 1 )  D(0 0.293 -1)
96.679  A(0.193 0.200 0.060 1 )  D(0 0.195 -1)
96.739  A(0.358 0.200 0.060 1 )  D(0 0.254 -1)
96.799  A(0.652 0.200 0.060 0 )
96.859  A(0.318 0.200 0.060 0 )
96.919  A(0.588 0.200 0.060 0 )
96.979  A(0.340 0.200 0.060 0 )
96.993  A(1.000 0.200 0.060 -1)  D(1 0.198 1 )
97.053  A(0.023 0.200 0.060 1 )  D(0 0.133 -1)
97.113  A(0.005 0.200 0.060 0 )
97.173  A(0.555 0.200 0.060 1 )  D(0 0.247 -1)
97.233  A(0.555 0.200 0.060 0 )
97.293  A(0.490 0.200 0.060 0 )
97.353  A(0.874 0.200 0.060 0 )
97.413  A(0.343 0.200 0.060 0 )
97.420  A(1.000 0.200 0.060 -1)  D(1 0.158 1 )
97.480  A(0.649 0.200 0.060 0 )
97.540  A(0.573 0.200 0.060 0 )
97.578  A(0.000 0.200 0.060 -1)  D(0 0.120 1 )
97.638  A(0.531 0.200 0.060 1 )  D(0 0.297 -1)
97.698  A(0.301 0.200 0.060 0 )
97.758  A(0.955 0.200 0.060 0 )
97.818  A(0.523 0.200 0.060 0 )
97.878  A(0.277 0.200 0.060 0 )
97.935  A(1.000 0.200 0.060 -1)  D(1 0.173 1 )
97.995  A(0.090 0.200 0.060 1 )  D(0 0.205 -1)
98.055  A(0.082 0.200 0.060 0 )
98.115  A(0.845 0.200 0.060 1 )  D(0 0.177 -1)
98.175  A(0.876 0.200 0.060 0 )
98.235  A(0.047 0.200 0.060 1 )  D(0 0.249 -1)
98.295  A(0.734 0.200 0.060 1 )  D(0 0.296 -1)
98.355  A(0.475 0.200 0.060 0 )
98.415  A(0.653 0.200 0.060 0 )
98.475  A(0.026 0.200 0.060 1 )  D(0 0.192 -1)
98.535  A(0.759 0.200 0.060 1 )  D(0 0.295 -1)
98.595  A(0.900 0.200 0.060 0 )
98.655  A(0.978 0.200 0.060 0 )
98.715  A(0.336 0.200 0.060 0 )
98.775  A(0.989 0.200 0.060 0 )
98.830  A(1.000 0.200 0.060 -1)  D(1 0.247 1 )
98.890  A(0.587 0.200 0.060 0 )
98.950  A(0.293 0.200 0.060 0 )
99.010  A(0.470 0.200 0.060 0 )
99.070  A(0.760 0.200 0.060 0 )
99.076  A(0.000 0.200 0.060 -1)  D(0 0.190 1 )
99.136  A(0.437 0.200 0.060 1 )  D(0 0.236 -1)
99.196  A(0.658 0.200 0.060 0 )
99.256  A(0.676 0.200 0.060 0 )
99.316  A(0.666 0.200 0.060 0 )
99.372  A(1.000 0.200 0.060 -1)  D(1 0.291 1 )
99.432  A(0.591 0.200 0.060 0 )
99.492  A(0.348 0.200 0.060 0 )
99.552  A(0.903 0.200 0.060 0 )
99.612  A(0.351 0.200 0.060 0 )
99.663  A(0.000 0.200 0.060 -1)  D(0 0.166 1 )
99.723  A(0.221 0.200 0.060 1 )  D(0 0.223 -1)
99.783  A(0.119 0.200 0.060 1 )  D(0 0.134 -1)
99.843  A(0.464 0.200 0.060 1 )  D(0 0.253 -1)
99.903  A(0.111 0.200 0.060 1 )  D(0 0.155 -1)
99.963  A(0.228 0.200 0.060 1 )  D(0 0.253 -1)
100.000  FINISH
