0.00  A(0.69 0.30 0.05 0 )  
0.05  A(0.08 0.30 0.05 1 )  D(0 0.11 -1)
0.10  A(1.00 0.30 0.05 1 )  D(0 0.25 -1)
0.15  A(0.09 0.30 0.05 1 )  D(0 0.14 -1)
0.20  A(0.61 0.30 0.05 1 )  D(0 0.20 -1)
0.25  A(0.04 0.30 0.05 1 )  D(0 0.29 -1)
0.30  A(0.06 0.30 0.05 0 )  
0.35  A(0.71 0.30 0.05 1 )  D(0 0.28 -1)
0.40  A(0.15 0.30 0.05 1 )  D(0 0.20 -1)
0.45  A(0.37 0.30 0.05 1 )  D(0 0.28 -1)
0.50  A(0.63 0.30 0.05 0 )  
0.55  A(0.93 0.30 0.05 0 )  
0.60  A(0.70 0.30 0.05 0 )  
0.65  A(0.32 0.30 0.05 0 )  
0.70  A(0.13 0.30 0.05 1 )  D(0 0.24 -1)
0.75  A(0.21 0.30 0.05 0 )  
0.80  A(0.01 0.30 0.05 0 )  
0.85  A(0.40 0.30 0.05 1 )  D(0 0.29 -1)
0.90  A(0.49 0.30 0.05 0 )  
0.95  A(0.14 0.30 0.05 1 )  D(0 0.28 -1)
1.00  A(0.62 0.30 0.05 1 )  D(0 0.24 -1)
1.05  A(0.57 0.30 0.05 0 )  
1.10  A(0.40 0.30 0.05 0 )  
1.15  A(0.20 0.30 0.05 1 )  D(0 0.16 -1)
1.20  A(0.77 0.30 0.05 1 )  D(0 0.19 -1)
1.25  A(0.08 0.30 0.05 1 )  D(0 0.26 -1)
1.30  A(0.83 0.30 0.05 1 )  D(0 0.19 -1)
1.35  A(0.53 0.30 0.05 0 )  
1.40  A(0.74 0.30 0.05 0 )  
1.45  A(0.75 0.30 0.05 0 )  
1.49  A(0.14 0.30 0.05 -1)  D(1 0.22 1 )
1.54  A(0.96 0.30 0.05 1 )  D(1 0.21 -1)
1.59  A(0.88 0.30 0.05 0 )  
1.64  A(0.03 0.30 0.05 1 )  D(0 0.11 -1)
1.69  A(0.13 0.30 0.05 0 )  
1.74  A(0.67 0.30 0.05 1 )  D(0 0.19 -1)
1.79  A(0.25 0.30 0.05 1 )  D(0 0.27 -1)
1.84  A(0.53 0.30 0.05 1 )  D(0 0.13 -1)
1.89  A(0.95 0.30 0.05 0 )  
1.94  A(0.96 0.30 0.05 0 )  
1.97  A(0.75 0.30 0.05 -1)  D(1 0.15 1 )
2.02  A(0.65 0.30 0.05 0 )  
2.07  A(0.17 0.30 0.05 1 )  D(0 0.16 -1)
2.12  A(0.92 0.30 0.05 1 )  D(0 0.11 -1)
2.17  A(0.06 0.30 0.05 1 )  D(0 0.30 -1)
2.22  A(0.60 0.30 0.05 1 )  D(0 0.28 -1)
2.27  A(0.63 0.30 0.05 0 )  
2.32  A(0.95 0.30 0.05 0 )  
2.37  A(0.85 0.30 0.05 0 )  
2.42  A(0.77 0.30 0.05 0 )  
2.47  A(0.62 0.30 0.05 0 )  
2.50  A(0.04 0.30 0.05 -1)  D(1 0.12 1 )
2.55  A(0.86 0.30 0.05 1 )  D(1 0.20 -1)
2.60  A(0.36 0.30 0.05 0 )  
2.65  A(0.74 0.30 0.05 0 )  
2.70  A(0.34 0.30 0.05 0 )  
2.75  A(0.33 0.30 0.05 0 )  
2.75  A(0.09 0.30 0.05 -1)  D(0 0.18 1 )
2.80  A(0.98 0.30 0.05 1 )  D(0 0.15 -1)
2.85  A(0.91 0.30 0.05 0 )  
2.90  A(0.18 0.30 0.05 1 )  D(0 0.16 -1)
2.95  A(0.24 0.30 0.05 0 )  
3.00  A(0.28 0.30 0.05 0 )  
