0.000  A(0.162 0.100 0.060 0 )
0.060  A(0.087 0.100 0.060 1 )  D(0 0.123 -1)
0.120  A(0.263 0.100 0.060 1 )  D(0 0.138 -1)
0.180  A(0.631 0.100 0.060 0 )
0.240  A(0.947 0.100 0.060 0 )
0.258  A(1.000 0.100 0.060 -1)  D(1 0.270 1 )
0.318  A(0.206 0.100 0.060 0 )
0.378  A(0.558 0.100 0.060 0 )
0.438  A(0.318 0.100 0.060 0 )
0.498  A(0.946 0.100 0.060 0 )
0.528  A(0.000 0.100 0.060 -1)  D(0 0.186 1 )
0.588  A(0.079 0.100 0.060 0 )
0.648  A(0.908 0.100 0.060 1 )  D(0 0.188 -1)
0.708  A(0.004 0.100 0.060 1 )  D(0 0.161 -1)
0.768  A(0.126 0.100 0.060 1 )  D(0 0.244 -1)
0.828  A(0.618 0.100 0.060 0 )
0.888  A(0.433 0.100 0.060 0 )
0.948  A(0.202 0.100 0.060 0 )
1.008  A(0.525 0.100 0.060 0 )
1.012  A(1.000 0.100 0.060 -1)  D(1 0.175 1 )
1.072  A(0.988 0.100 0.060 0 )
1.132  A(0.930 0.100 0.060 0 )
1.187  A(0.000 0.100 0.060 -1)  D(0 0.240 1 )
1.247  A(0.454 0.100 0.060 1 )  D(0 0.105 -1)
1.307  A(0.565 0.100 0.060 0 )
1.352  A(1.000 0.100 0.060 -1)  D(1 0.119 1 )
1.412  A(0.398 0.100 0.060 0 )
1.471  A(0.000 0.100 0.060 -1)  D(0 0.145 1 )
1.531  A(0.160 0.100 0.060 1 )  D(0 0.227 -1)
1.591  A(0.792 0.100 0.060 0 )
1.651  A(0.682 0.100 0.060 0 )
1.711  A(0.463 0.100 0.060 0 )
1.758  A(1.000 0.100 0.060 -1)  D(1 0.115 1 )
1.818  A(0.013 0.100 0.060 1 )  D(0 0.242 -1)
1.878  A(0.154 0.100 0.060 1 )  D(0 0.169 -1)
1.938  A(0.242 0.100 0.060 0 )
1.998  A(0.781 0.100 0.060 0 )
2.047  A(1.000 0.100 0.060 -1)  D(1 0.113 1 )
2.107  A(0.854 0.100 0.060 0 )
2.160  A(0.000 0.100 0.060 -1)  D(0 0.189 1 )
2.220  A(0.755 0.100 0.060 1 )  D(0 0.237 -1)
2.280  A(0.853 0.100 0.060 0 )
2.340  A(0.613 0.100 0.060 0 )
2.400  A(0.066 0.100 0.060 1 )  D(0 0.171 -1)
2.460  A(0.696 0.100 0.060 1 )  D(0 0.146 -1)
2.520  A(0.405 0.100 0.060 0 )
2.580  A(0.576 0.100 0.060 0 )
2.606  A(1.000 0.100 0.060 -1)  D(1 0.198 1 )
2.666  A(0.978 0.100 0.060 0 )
2.726  A(0.487 0.100 0.060 0 )
2.786  A(0.591 0.100 0.060 0 )
2.804  A(0.000 0.100 0.060 -1)  D(0 0.274 1 )
2.864  A(0.068 0.100 0.060 0 )
2.924  A(0.568 0.100 0.060 1 )  D(0 0.250 -1)
2.984  A(0.223 0.100 0.060 0 )
3.044  A(0.329 0.100 0.060 0 )
3.104  A(0.128 0.100 0.060 0 )
3.164  A(0.477 0.100 0.060 0 )
3.174  A(1.000 0.100 0.060 -1)  D(1 0.295 1 )
3.234  A(0.490 0.100 0.060 0 )
3.294  A(0.951 0.100 0.060 0 )
3.354  A(0.167 0.100 0.060 0 )
3.414  A(0.553 0.100 0.060 0 )
3.469  A(0.000 0.100 0.060 -1)  D(0 0.220 1 )
3.529  A(0.440 0.100 0.060 1 )  D(0 0.237 -1)
3.589  A(0.978 0.100 0.060 0 )
3.649  A(0.229 0.100 0.060 0 )
3.709  A(0.910 0.100 0.060 0 )
3.766  A(1.000 0.100 0.060 -1)  D(1 0.151 1 )
3.826  A(0.166 0.100 0.060 0 )
3.886  A(0.378 0.100 0.060 0 )
3.917  A(0.000 0.100 0.060 -1)  D(0 0.240 1 )
3.977  A(0.721 0.100 0.060 1 )  D(0 0.204 -1)
4.037  A(0.999 0.100 0.060 0 )
4.097  A(0.613 0.100 0.060 0 )
4.157  A(0.931 0.100 0.060 0 )
4.181  A(1.000 0.100 0.060 -1)  D(1 0.107 1 )
4.241  A(0.503 0.100 0.060 0 )
4.288  A(0.000 0.100 0.060 -1)  D(0 0.295 1 )
4.348  A(0.014 0.100 0.060 0 )
4.408  A(0.396 0.100 0.060 1 )  D(0 0.133 -1)
4.468  A(0.210 0.100 0.060 0 )
4.528  A(0.203 0.100 0.060 0 )
4.541  A(1.000 0.100 0.060 -1)  D(1 0.173 1 )
4.601  A(0.197 0.100 0.060 0 )
4.661  A(0.286 0.100 0.060 0 )
4.714  A(0.000 0.100 0.060 -1)  D(0 0.265 1 )
4.774  A(0.292 0.100 0.060 1 )  D(0 0.122 -1)
4.834  A(0.837 0.100 0.060 0 )
4.894  A(0.979 0.100 0.060 0 )
4.896  A(1.000 0.100 0.060 -1)  D(1 0.289 1 )
4.956  A(0.863 0.100 0.060 0 )
5.016  A(0.483 0.100 0.060 0 )
5.076  A(0.933 0.100 0.060 0 )
5.136  A(0.648 0.100 0.060 0 )
5.185  A(0.000 0.100 0.060 -1)  D(0 0.104 1 )
5.245  A(0.735 0.100 0.060 1 )  D(0 0.199 -1)
5.305  A(0.045 0.100 0.060 1 )  D(0 0.262 -1)
5.365  A(0.010 0.100 0.060 0 )
5.425  A(0.961 0.100 0.060 1 )  D(0 0.206 -1)
5.485  A(0.637 0.100 0.060 0 )
5.545  A(0.587 0.100 0.060 0 )
5.605  A(0.482 0.100 0.060 0 )
5.631  A(1.000 0.100 0.060 -1)  D(1 0.216 1 )
5.691  A(0.889 0.100 0.060 0 )
5.751  A(0.641 0.100 0.060 0 )
5.811  A(0.330 0.100 0.060 0 )
5.847  A(0.000 0.100 0.060 -1)  D(0 0.228 1 )
5.907  A(0.278 0.100 0.060 1 )  D(0 0.227 -1)
5.967  A(0.704 0.100 0.060 0 )
6.027  A(0.887 0.100 0.060 0 )
6.087  A(0.483 0.100 0.060 0 )
6.134  A(1.000 0.100 0.060 -1)  D(1 0.248 1 )
6.194  A(0.808 0.100 0.060 0 )
6.254  A(0.404 0.100 0.060 0 )
6.314  A(0.839 0.100 0.060 0 )
6.374  A(0.855 0.100 0.060 0 )
6.382  A(0.000 0.100 0.060 -1)  D(0 0.175 1 )
6.442  A(0.386 0.100 0.060 1 )  D(0 0.275 -1)
6.502  A(0.183 0.100 0.060 0 )
6.562  A(0.698 0.100 0.060 0 )
6.622  A(0.088 0.100 0.060 1 )  D(0 0.180 -1)
6.682  A(0.489 0.100 0.060 1 )  D(0 0.123 -1)
6.742  A(0.460 0.100 0.060 0 )
6.802  A(0.683 0.100 0.060 0 )
6.805  A(1.000 0.100 0.060 -1)  D(1 0.205 1 )
6.865  A(0.232 0.100 0.060 0 )
6.925  A(0.657 0.100 0.060 0 )
6.985  A(0.059 0.100 0.060 1 )  D(0 0.285 -1)
7.045  A(0.791 0.100 0.060 1 )  D(0 0.140 -1)
7.105  A(0.733 0.100 0.060 0 )
7.165  A(0.710 0.100 0.060 0 )
7.185  A(1.000 0.100 0.060 -1)  D(1 0.176 1 )
7.245  A(0.681 0.100 0.060 0 )
7.305  A(0.610 0.100 0.060 0 )
7.361  A(0.000 0.100 0.060 -1)  D(0 0.185 1 )
7.421  A(0.202 0.100 0.060 1 )  D(0 0.299 -1)
7.481  A(0.784 0.100 0.060 0 )
7.541  A(0.166 0.100 0.060 0 )
7.601  A(0.880 0.100 0.060 0 )
7.661  A(0.482 0.100 0.060 0 )
7.720  A(1.000 0.100 0.060 -1)  D(1 0.156 1 )
7.780  A(0.688 0.100 0.060 0 )
7.840  A(0.044 0.100 0.060 1 )  D(0 0.184 -1)
7.900  A(0.664 0.100 0.060 1 )  D(0 0.149 -1)
7.960  A(0.170 0.100 0.060 0 )
8.020  A(0.409 0.100 0.060 0 )
8.049  A(1.000 0.100 0.060 -1)  D(1 0.102 1 )
8.109  A(0.295 0.100 0.060 0 )
8.151  A(0.000 0.100 0.060 -1)  D(0 0.203 1 )
8.211  A(0.421 0.100 0.060 1 )  D(0 0.298 -1)
8.271  A(0.055 0.100 0.060 1 )  D(0 0.178 -1)
8.331  A(0.594 0.100 0.060 1 )  D(0 0.119 -1)
8.391  A(0.434 0.100 0.060 0 )
8.450  A(1.000 0.100 0.060 -1)  D(1 0.179 1 )
8.510  A(0.784 0.100 0.060 0 )
8.570  A(0.932 0.100 0.060 0 )
8.629  A(0.000 0.100 0.060 -1)  D(0 0.177 1 )
8.689  A(0.775 0.100 0.060 1 )  D(0 0.159 -1)
8.749  A(0.071 0.100 0.060 1 )  D(0 0.204 -1)
8.809  A(0.666 0.100 0.060 1 )  D(0 0.171 -1)
8.869  A(0.915 0.100 0.060 0 )
8.929  A(0.757 0.100 0.060 0 )
8.980  A(1.000 0.100 0.060 -1)  D(1 0.269 1 )
9.040  A(0.475 0.100 0.060 0 )
9.100  A(0.872 0.100 0.060 0 )
9.160  A(0.419 0.100 0.060 0 )
9.220  A(0.950 0.100 0.060 0 )
9.249  A(0.000 0.100 0.060 -1)  D(0 0.271 1 )
9.309  A(0.082 0.100 0.060 0 )
9.369  A(0.752 0.100 0.060 1 )  D(0 0.288 -1)
9.429  A(0.177 0.100 0.060 0 )
9.489  A(0.001 0.100 0.060 1 )  D(0 0.237 -1)
9.549  A(0.324 0.100 0.060 1 )  D(0 0.212 -1)
9.609  A(0.371 0.100 0.060 0 )
9.669  A(0.863 0.100 0.060 0 )
9.729  A(0.641 0.100 0.060 0 )
9.761  A(1.000 0.100 0.060 -1)  D(1 0.257 1 )
9.821  A(0.017 0.100 0.060 1 )  D(0 0.109 -1)
9.881  A(0.721 0.100 0.060 1 )  D(0 0.218 -1)
9.941  A(0.161 0.100 0.060 0 )
10.001  A(0.581 0.100 0.060 0 )
10.061  A(0.391 0.100 0.060 0 )
10.099  A(1.000 0.100 0.060 -1)  D(1 0.291 1 )
10.159  A(0.714 0.100 0.060 0 )
10.219  A(0.939 0.100 0.060 0 )
10.279  A(0.337 0.100 0.060 0 )
10.339  A(0.123 0.100 0.060 0 )
10.390  A(0.000 0.100 0.060 -1)  D(0 0.165 1 )
10.450  A(0.989 0.100 0.060 1 )  D(0 0.261 -1)
10.510  A(0.731 0.100 0.060 0 )
10.570  A(0.260 0.100 0.060 0 )
10.630  A(0.746 0.100 0.060 0 )
10.690  A(0.437 0.100 0.060 0 )
10.711  A(1.000 0.100 0.060 -1)  D(1 0.293 1 )
10.771  A(0.746 0.100 0.060 0 )
10.831  A(0.839 0.100 0.060 0 )
10.891  A(0.157 0.100 0.060 0 )
10.951  A(0.644 0.100 0.060 0 )
11.004  A(0.000 0.100 0.060 -1)  D(0 0.213 1 )
11.064  A(0.035 0.100 0.060 0 )
11.124  A(0.088 0.100 0.060 0 )
11.184  A(0.576 0.100 0.060 1 )  D(0 0.121 -1)
11.244  A(0.331 0.100 0.060 0 )
11.304  A(0.804 0.100 0.060 0 )
11.305  A(1.000 0.100 0.060 -1)  D(1 0.233 1 )
11.365  A(0.813 0.100 0.060 0 )
11.425  A(0.761 0.100 0.060 0 )
11.485  A(0.341 0.100 0.060 0 )
11.538  A(0.000 0.100 0.060 -1)  D(0 0.209 1 )
11.598  A(0.958 0.100 0.060 1 )  D(0 0.202 -1)
11.658  A(0.438 0.100 0.060 0 )
11.718  A(0.065 0.100 0.060 1 )  D(0 0.226 -1)
11.778  A(0.241 0.100 0.060 1 )  D(0 0.276 -1)
11.838  A(0.796 0.100 0.060 0 )
11.898  A(0.262 0.100 0.060 0 )
11.958  A(0.587 0.100 0.060 0 )
12.018  A(0.533 0.100 0.060 0 )
12.054  A(1.000 0.100 0.060 -1)  D(1 0.110 1 )
12.114  A(0.695 0.100 0.060 0 )
12.164  A(0.000 0.100 0.060 -1)  D(0 0.237 1 )
12.224  A(0.696 0.100 0.060 1 )  D(0 0.276 -1)
12.284  A(0.485 0.100 0.060 0 )
12.344  A(0.162 0.100 0.060 0 )
12.404  A(0.981 0.100 0.060 0 )
12.464  A(0.641 0.100 0.060 0 )
12.500  A(1.000 0.100 0.060 -1)  D(1 0.274 1 )
12.560  A(0.937 0.100 0.060 0 )
12.620  A(0.544 0.100 0.060 0 )
12.680  A(0.486 0.100 0.060 0 )
12.740  A(0.795 0.100 0.060 0 )
12.774  A(0.000 0.100 0.060 -1)  D(0 0.211 1 )
12.834  A(0.392 0.100 0.060 1 )  D(0 0.226 -1)
12.894  A(0.298 0.100 0.060 0 )
12.954  A(0.753 0.100 0.060 0 )
13.014  A(0.608 0.100 0.060 0 )
13.060  A(1.000 0.100 0.060 -1)  D(1 0.128 1 )
13.120  A(0.527 0.100 0.060 0 )
13.180  A(0.598 0.100 0.060 0 )
13.188  A(0.000 0.100 0.060 -1)  D(0 0.142 1 )
13.248  A(0.646 0.100 0.060 1 )  D(0 0.123 -1)
13.308  A(0.166 0.100 0.060 0 )
13.368  A(0.165 0.100 0.060 0 )
13.371  A(1.000 0.100 0.060 -1)  D(1 0.212 1 )
13.431  A(0.601 0.100 0.060 0 )
13.491  A(0.767 0.100 0.060 0 )
13.551  A(0.596 0.100 0.060 0 )
13.583  A(0.000 0.100 0.060 -1)  D(0 0.181 1 )
13.643  A(0.950 0.100 0.060 1 )  D(0 0.113 -1)
13.703  A(0.632 0.100 0.060 0 )
13.756  A(1.000 0.100 0.060 -1)  D(1 0.118 1 )
13.816  A(0.444 0.100 0.060 0 )
13.874  A(0.000 0.100 0.060 -1)  D(0 0.179 1 )
13.934  A(0.838 0.100 0.060 1 )  D(0 0.225 -1)
13.994  A(0.286 0.100 0.060 0 )
14.054  A(0.647 0.100 0.060 0 )
14.114  A(0.136 0.100 0.060 0 )
14.159  A(1.000 0.100 0.060 -1)  D(1 0.295 1 )
14.219  A(0.233 0.100 0.060 0 )
14.279  A(0.422 0.100 0.060 0 )
14.339  A(0.409 0.100 0.060 0 )
14.399  A(0.938 0.100 0.060 0 )
14.454  A(0.000 0.100 0.060 -1)  D(0 0.139 1 )
14.514  A(0.696 0.100 0.060 1 )  D(0 0.224 -1)
14.574  A(0.022 0.100 0.060 1 )  D(0 0.105 -1)
14.634  A(0.094 0.100 0.060 0 )
14.679  A(1.000 0.100 0.060 -1)  D(1 0.186 1 )
14.739  A(0.481 0.100 0.060 0 )
14.799  A(0.778 0.100 0.060 0 )
14.859  A(0.532 0.100 0.060 0 )
14.865  A(0.000 0.100 0.060 -1)  D(0 0.123 1 )
14.925  A(0.406 0.100 0.060 1 )  D(0 0.283 -1)
14.985  A(0.095 0.100 0.060 1 )  D(0 0.196 -1)
15.045  A(0.268 0.100 0.060 1 )  D(0 0.181 -1)
15.105  A(0.691 0.100 0.060 0 )
15.165  A(0.995 0.100 0.060 0 )
15.225  A(0.261 0.100 0.060 0 )
15.226  A(1.000 0.100 0.060 -1)  D(1 0.101 1 )
15.286  A(0.218 0.100 0.060 0 )
15.327  A(0.000 0.100 0.060 -1)  D(0 0.149 1 )
15.387  A(0.218 0.100 0.060 1 )  D(0 0.212 -1)
15.447  A(0.596 0.100 0.060 0 )
15.507  A(0.742 0.100 0.060 0 )
15.567  A(0.771 0.100 0.060 0 )
15.599  A(1.000 0.100 0.060 -1)  D(1 0.135 1 )
15.659  A(0.219 0.100 0.060 0 )
15.719  A(0.997 0.100 0.060 0 )
15.734  A(0.000 0.100 0.060 -1)  D(0 0.217 1 )
15.794  A(0.175 0.100 0.060 1 )  D(0 0.160 -1)
15.854  A(0.488 0.100 0.060 0 )
15.914  A(0.496 0.100 0.060 0 )
15.954  A(1.000 0.100 0.060 -1)  D(1 0.120 1 )
16.014  A(0.429 0.100 0.060 0 )
16.074  A(0.000 0.100 0.060 -1)  D(0 0.120 1 )
16.134  A(0.844 0.100 0.060 1 )  D(0 0.226 -1)
16.194  A(0.918 0.100 0.060 0 )
16.254  A(0.328 0.100 0.060 0 )
16.314  A(0.913 0.100 0.060 0 )
16.360  A(1.000 0.100 0.060 -1)  D(1 0.207 1 )
16.420  A(0.599 0.100 0.060 0 )
16.480  A(0.821 0.100 0.060 0 )
16.540  A(0.888 0.100 0.060 0 )
16.567  A(0.000 0.100 0.060 -1)  D(0 0.165 1 )
16.627  A(0.355 0.100 0.060 1 )  D(0 0.241 -1)
16.687  A(0.242 0.100 0.060 0 )
16.747  A(0.485 0.100 0.060 0 )
16.807  A(0.963 0.100 0.060 0 )
16.867  A(0.788 0.100 0.060 0 )
16.868  A(1.000 0.100 0.060 -1)  D(1 0.291 1 )
16.928  A(0.154 0.100 0.060 0 )
16.988  A(0.808 0.100 0.060 0 )
17.048  A(0.174 0.100 0.060 0 )
17.108  A(0.888 0.100 0.060 0 )
17.159  A(0.000 0.100 0.060 -1)  D(0 0.139 1 )
17.219  A(0.077 0.100 0.060 0 )
17.279  A(0.217 0.100 0.060 1 )  D(0 0.289 -1)
17.339  A(0.384 0.100 0.060 0 )
17.399  A(0.699 0.100 0.060 0 )
17.459  A(0.066 0.100 0.060 1 )  D(0 0.191 -1)
17.519  A(0.288 0.100 0.060 1 )  D(0 0.277 -1)
17.579  A(0.613 0.100 0.060 0 )
17.639  A(0.041 0.100 0.060 1 )  D(0 0.115 -1)
17.699  A(0.432 0.100 0.060 1 )  D(0 0.288 -1)
17.759  A(0.392 0.100 0.060 0 )
17.819  A(0.928 0.100 0.060 0 )
17.879  A(0.986 0.100 0.060 0 )
17.939  A(0.037 0.100 0.060 1 )  D(0 0.276 -1)
17.999  A(0.601 0.100 0.060 1 )  D(0 0.165 -1)
18.059  A(0.738 0.100 0.060 0 )
18.119  A(0.094 0.100 0.060 1 )  D(0 0.149 -1)
18.179  A(0.882 0.100 0.060 1 )  D(0 0.227 -1)
18.239  A(0.356 0.100 0.060 0 )
18.299  A(0.495 0.100 0.060 0 )
18.359  A(0.330 0.100 0.060 0 )
18.406  A(1.000 0.100 0.060 -1)  D(1 0.222 1 )
18.466  A(0.931 0.100 0.060 0 )
18.526  A(0.743 0.100 0.060 0 )
18.586  A(0.229 0.100 0.060 0 )
18.628  A(0.000 0.100 0.060 -1)  D(0 0.127 1 )
18.688  A(0.908 0.100 0.060 1 )  D(0 0.170 -1)
18.748  A(0.934 0.100 0.060 0 )
18.808  A(0.286 0.100 0.060 0 )
18.858  A(1.000 0.100 0.060 -1)  D(1 0.144 1 )
18.918  A(0.624 0.100 0.060 0 )
18.978  A(0.137 0.100 0.060 0 )
19.002  A(0.000 0.100 0.060 -1)  D(0 0.294 1 )
19.062  A(0.730 0.100 0.060 1 )  D(0 0.297 -1)
19.122  A(0.638 0.100 0.060 0 )
19.182  A(0.553 0.100 0.060 0 )
19.242  A(0.054 0.100 0.060 1 )  D(0 0.134 -1)
19.302  A(0.576 0.100 0.060 1 )  D(0 0.183 -1)
19.362  A(0.851 0.100 0.060 0 )
19.422  A(0.155 0.100 0.060 0 )
19.482  A(0.569 0.100 0.060 0 )
19.485  A(1.000 0.100 0.060 -1)  D(1 0.286 1 )
19.545  A(0.682 0.100 0.060 0 )
19.605  A(0.624 0.100 0.060 0 )
19.665  A(0.599 0.100 0.060 0 )
19.725  A(0.352 0.100 0.060 0 )
19.771  A(0.000 0.100 0.060 -1)  D(0 0.250 1 )
19.831  A(0.848 0.100 0.060 1 )  D(0 0.274 -1)
19.891  A(0.386 0.100 0.060 0 )
19.951  A(0.800 0.100 0.060 0 )
20.011  A(0.800 0.100 0.060 0 )
20.071  A(0.021 0.100 0.060 1 )  D(0 0.215 -1)
20.131  A(0.007 0.100 0.060 0 )
20.191  A(0.439 0.100 0.060 1 )  D(0 0.142 -1)
20.251  A(0.158 0.100 0.060 0 )
20.311  A(0.748 0.100 0.060 0 )
20.333  A(1.000 0.100 0.060 -1)  D(1 0.143 1 )
20.393  A(0.855 0.100 0.060 0 )
20.453  A(0.741 0.100 0.060 0 )
20.476  A(0.000 0.100 0.060 -1)  D(0 0.206 1 )
20.536  A(0.607 0.100 0.060 1 )  D(0 0.220 -1)
20.596  A(0.788 0.100 0.060 0 )
20.656  A(0.944 0.100 0.060 0 )
20.716  A(0.571 0.100 0.060 0 )
20.756  A(1.000 0.100 0.060 -1)  D(1 0.104 1 )
20.816  A(0.011 0.100 0.060 1 )  D(0 0.119 -1)
20.876  A(0.693 0.100 0.060 1 )  D(0 0.207 -1)
20.936  A(0.188 0.100 0.060 0 )
20.996  A(0.827 0.100 0.060 0 )
21.056  A(0.615 0.100 0.060 0 )
21.083  A(1.000 0.100 0.060 -1)  D(1 0.151 1 )
21.143  A(0.689 0.100 0.060 0 )
21.203  A(0.812 0.100 0.060 0 )
21.234  A(0.000 0.100 0.060 -1)  D(0 0.228 1 )
21.294  A(0.693 0.100 0.060 1 )  D(0 0.151 -1)
21.354  A(0.878 0.100 0.060 0 )
21.414  A(0.820 0.100 0.060 0 )
21.445  A(1.000 0.100 0.060 -1)  D(1 0.197 1 )
21.505  A(0.807 0.100 0.060 0 )
21.565  A(0.012 0.100 0.060 1 )  D(0 0.115 -1)
21.625  A(0.559 0.100 0.060 1 )  D(0 0.241 -1)
21.685  A(0.297 0.100 0.060 0 )
21.745  A(0.186 0.100 0.060 0 )
21.805  A(0.156 0.100 0.060 0 )
21.865  A(0.614 0.100 0.060 0 )
21.866  A(1.000 0.100 0.060 -1)  D(1 0.217 1 )
21.926  A(0.487 0.100 0.060 0 )
21.986  A(0.932 0.100 0.060 0 )
22.046  A(0.973 0.100 0.060 0 )
22.083  A(0.000 0.100 0.060 -1)  D(0 0.209 1 )
22.143  A(0.349 0.100 0.060 1 )  D(0 0.150 -1)
22.203  A(0.927 0.100 0.060 0 )
22.263  A(0.167 0.100 0.060 0 )
22.293  A(1.000 0.100 0.060 -1)  D(1 0.233 1 )
22.353  A(0.537 0.100 0.060 0 )
22.413  A(0.351 0.100 0.060 0 )
22.473  A(0.260 0.100 0.060 0 )
22.526  A(0.000 0.100 0.060 -1)  D(0 0.207 1 )
22.586  A(0.862 0.100 0.060 1 )  D(0 0.289 -1)
22.646  A(0.816 0.100 0.060 0 )
22.706  A(0.341 0.100 0.060 0 )
22.766  A(0.469 0.100 0.060 0 )
22.826  A(0.461 0.100 0.060 0 )
22.875  A(1.000 0.100 0.060 -1)  D(1 0.140 1 )
22.935  A(0.856 0.100 0.060 0 )
22.995  A(0.278 0.100 0.060 0 )
23.015  A(0.000 0.100 0.060 -1)  D(0 0.254 1 )
23.075  A(0.815 0.100 0.060 1 )  D(0 0.272 -1)
23.135  A(0.527 0.100 0.060 0 )
23.195  A(0.511 0.100 0.060 0 )
23.255  A(0.261 0.100 0.060 0 )
23.315  A(0.088 0.100 0.060 1 )  D(0 0.265 -1)
23.375  A(0.228 0.100 0.060 1 )  D(0 0.260 -1)
23.435  A(0.619 0.100 0.060 0 )
23.495  A(0.556 0.100 0.060 0 )
23.555  A(0.254 0.100 0.060 0 )
23.615  A(0.757 0.100 0.060 0 )
23.635  A(1.000 0.100 0.060 -1)  D(1 0.287 1 )
23.695  A(0.034 0.100 0.060 1 )  D(0 0.290 -1)
23.755  A(0.875 0.100 0.060 1 )  D(0 0.172 -1)
23.815  A(0.945 0.100 0.060 0 )
23.875  A(0.403 0.100 0.060 0 )
23.927  A(1.000 0.100 0.060 -1)  D(1 0.226 1 )
23.987  A(0.632 0.100 0.060 0 )
24.047  A(0.012 0.100 0.060 1 )  D(0 0.209 -1)
24.107  A(0.279 0.100 0.060 1 )  D(0 0.121 -1)
24.167  A(0.163 0.100 0.060 0 )
24.227  A(0.585 0.100 0.060 0 )
24.228  A(1.000 0.100 0.060 -1)  D(1 0.123 1 )
24.288  A(0.325 0.100 0.060 0 )
24.348  A(0.103 0.100 0.060 0 )
24.351  A(0.000 0.100 0.060 -1)  D(0 0.119 1 )
24.411  A(0.079 0.100 0.060 0 )
24.470  A(1.000 0.100 0.060 -1)  D(1 0.149 1 )
24.530  A(0.344 0.100 0.060 0 )
24.590  A(0.303 0.100 0.060 0 )
24.619  A(0.000 0.100 0.060 -1)  D(0 0.270 1 )
24.679  A(0.962 0.100 0.060 1 )  D(0 0.199 -1)
24.739  A(0.379 0.100 0.060 0 )
24.799  A(0.523 0.100 0.060 0 )
24.859  A(0.687 0.100 0.060 0 )
24.878  A(1.000 0.100 0.060 -1)  D(1 0.115 1 )
24.938  A(0.776 0.100 0.060 0 )
24.993  A(0.000 0.100 0.060 -1)  D(0 0.166 1 )
25.053  A(0.687 0.100 0.060 1 )  D(0 0.265 -1)
25.113  A(0.318 0.100 0.060 0 )
25.173  A(0.740 0.100 0.060 0 )
25.233  A(0.035 0.100 0.060 1 )  D(0 0.266 -1)
25.293  A(0.440 0.100 0.060 1 )  D(0 0.284 -1)
25.353  A(0.079 0.100 0.060 1 )  D(0 0.240 -1)
25.413  A(0.522 0.100 0.060 1 )  D(0 0.245 -1)
25.473  A(0.173 0.100 0.060 0 )
25.533  A(0.570 0.100 0.060 0 )
25.593  A(0.481 0.100 0.060 0 )
25.653  A(0.128 0.100 0.060 0 )
25.658  A(1.000 0.100 0.060 -1)  D(1 0.140 1 )
25.718  A(0.817 0.100 0.060 0 )
25.778  A(0.241 0.100 0.060 0 )
25.798  A(0.000 0.100 0.060 -1)  D(0 0.278 1 )
25.858  A(0.300 0.100 0.060 1 )  D(0 0.225 -1)
25.918  A(0.515 0.100 0.060 0 )
25.978  A(0.240 0.100 0.060 0 )
26.038  A(0.165 0.100 0.060 0 )
26.083  A(1.000 0.100 0.060 -1)  D(1 0.285 1 )
26.143  A(0.292 0.100 0.060 0 )
26.203  A(0.302 0.100 0.060 0 )
26.263  A(0.679 0.100 0.060 0 )
26.323  A(0.227 0.100 0.060 0 )
26.368  A(0.000 0.100 0.060 -1)  D(0 0.189 1 )
26.428  A(0.680 0.100 0.060 1 )  D(0 0.257 -1)
26.488  A(0.346 0.100 0.060 0 )
26.548  A(0.002 0.100 0.060 1 )  D(0 0.208 -1)
26.608  A(0.827 0.100 0.060 1 )  D(0 0.194 -1)
26.668  A(0.378 0.100 0.060 0 )
26.728  A(0.654 0.100 0.060 0 )
26.788  A(0.195 0.100 0.060 0 )
26.802  A(1.000 0.100 0.060 -1)  D(1 0.139 1 )
26.862  A(0.389 0.100 0.060 0 )
26.922  A(0.180 0.100 0.060 0 )
26.941  A(0.000 0.100 0.060 -1)  D(0 0.158 1 )
27.001  A(0.382 0.100 0.060 1 )  D(0 0.185 -1)
27.061  A(0.810 0.100 0.060 0 )
27.121  A(0.920 0.100 0.060 0 )
27.181  A(0.425 0.100 0.060 0 )
27.186  A(1.000 0.100 0.060 -1)  D(1 0.286 1 )
27.246  A(0.772 0.100 0.060 0 )
27.306  A(0.718 0.100 0.060 0 )
27.366  A(0.492 0.100 0.060 0 )
27.426  A(0.625 0.100 0.060 0 )
27.472  A(0.000 0.100 0.060 -1)  D(0 0.279 1 )
27.532  A(0.222 0.100 0.060 1 )  D(0 0.289 -1)
27.592  A(0.788 0.100 0.060 0 )
27.652  A(0.975 0.100 0.060 0 )
27.712  A(0.305 0.100 0.060 0 )
27.772  A(0.905 0.100 0.060 0 )
27.821  A(1.000 0.100 0.060 -1)  D(1 0.172 1 )
27.881  A(0.549 0.100 0.060 0 )
27.941  A(0.521 0.100 0.060 0 )
27.993  A(0.000 0.100 0.060 -1)  D(0 0.246 1 )
28.053  A(0.496 0.100 0.060 1 )  D(0 0.109 -1)
28.113  A(0.643 0.100 0.060 0 )
28.162  A(1.000 0.100 0.060 -1)  D(1 0.284 1 )
28.222  A(0.094 0.100 0.060 1 )  D(0 0.243 -1)
28.282  A(0.319 0.100 0.060 1 )  D(0 0.132 -1)
28.342  A(0.068 0.100 0.060 1 )  D(0 0.296 -1)
28.402  A(0.751 0.100 0.060 1 )  D(0 0.115 -1)
28.462  A(0.865 0.100 0.060 0 )
28.517  A(1.000 0.100 0.060 -1)  D(1 0.184 1 )
28.577  A(0.797 0.100 0.060 0 )
28.637  A(0.437 0.100 0.060 0 )
28.697  A(0.375 0.100 0.060 0 )
28.701  A(0.000 0.100 0.060 -1)  D(0 0.187 1 )
28.761  A(0.467 0.100 0.060 1 )  D(0 0.267 -1)
28.821  A(0.304 0.100 0.060 0 )
28.881  A(0.316 0.100 0.060 0 )
28.941  A(0.772 0.100 0.060 0 )
29.001  A(0.256 0.100 0.060 0 )
29.028  A(1.000 0.100 0.060 -1)  D(1 0.135 1 )
29.088  A(0.621 0.100 0.060 0 )
29.148  A(0.531 0.100 0.060 0 )
29.163  A(0.000 0.100 0.060 -1)  D(0 0.122 1 )
29.223  A(0.659 0.100 0.060 1 )  D(0 0.295 -1)
29.283  A(0.216 0.100 0.060 0 )
29.343  A(0.065 0.100 0.060 1 )  D(0 0.264 -1)
29.403  A(0.233 0.100 0.060 1 )  D(0 0.284 -1)
29.463  A(0.246 0.100 0.060 0 )
29.523  A(0.387 0.100 0.060 0 )
29.583  A(0.842 0.100 0.060 0 )
29.643  A(0.108 0.100 0.060 0 )
29.687  A(1.000 0.100 0.060 -1)  D(1 0.170 1 )
29.747  A(0.933 0.100 0.060 0 )
29.807  A(0.810 0.100 0.060 0 )
29.857  A(0.000 0.100 0.060 -1)  D(0 0.275 1 )
29.917  A(0.355 0.100 0.060 1 )  D(0 0.268 -1)
29.977  A(0.151 0.100 0.060 0 )
30.037  A(0.944 0.100 0.060 0 )
30.097  A(0.060 0.100 0.060 1 )  D(0 0.233 -1)
30.157  A(0.712 0.100 0.060 1 )  D(0 0.102 -1)
30.217  A(0.745 0.100 0.060 0 )
30.259  A(1.000 0.100 0.060 -1)  D(1 0.285 1 )
30.319  A(0.179 0.100 0.060 0 )
30.379  A(0.435 0.100 0.060 0 )
30.439  A(0.278 0.100 0.060 0 )
30.499  A(0.634 0.100 0.060 0 )
30.544  A(0.000 0.100 0.060 -1)  D(0 0.198 1 )
30.604  A(0.353 0.100 0.060 1 )  D(0 0.172 -1)
30.664  A(0.459 0.100 0.060 0 )
30.724  A(0.267 0.100 0.060 0 )
30.776  A(1.000 0.100 0.060 -1)  D(1 0.133 1 )
30.836  A(0.285 0.100 0.060 0 )
30.896  A(0.432 0.100 0.060 0 )
30.909  A(0.000 0.100 0.060 -1)  D(0 0.293 1 )
30.969  A(0.311 0.100 0.060 1 )  D(0 0.121 -1)
31.029  A(0.340 0.100 0.060 0 )
31.089  A(0.798 0.100 0.060 0 )
31.090  A(1.000 0.100 0.060 -1)  D(1 0.288 1 )
31.150  A(0.959 0.100 0.060 0 )
31.210  A(0.798 0.100 0.060 0 )
31.270  A(0.093 0.100 0.060 1 )  D(0 0.233 -1)
31.330  A(0.051 0.100 0.060 0 )
31.390  A(0.093 0.100 0.060 0 )
31.450  A(0.712 0.100 0.060 1 )  D(0 0.224 -1)
31.510  A(0.413 0.100 0.060 0 )
31.570  A(0.999 0.100 0.060 0 )
31.630  A(0.633 0.100 0.060 0 )
31.674  A(1.000 0.100 0.060 -1)  D(1 0.203 1 )
31.734  A(0.326 0.100 0.060 0 )
31.794  A(0.974 0.100 0.060 0 )
31.854  A(0.675 0.100 0.060 0 )
31.877  A(0.000 0.100 0.060 -1)  D(0 0.186 1 )
31.937  A(0.256 0.100 0.060 1 )  D(0 0.215 -1)
31.997  A(0.721 0.100 0.060 0 )
32.057  A(0.899 0.100 0.060 0 )
32.117  A(0.823 0.100 0.060 0 )
32.152  A(1.000 0.100 0.060 -1)  D(1 0.161 1 )
32.212  A(0.292 0.100 0.060 0 )
32.272  A(0.017 0.100 0.060 1 )  D(0 0.160 -1)
32.332  A(0.229 0.100 0.060 1 )  D(0 0.194 -1)
32.392  A(0.543 0.100 0.060 0 )
32.452  A(0.331 0.100 0.060 0 )
32.512  A(0.118 0.100 0.060 0 )
32.526  A(1.000 0.100 0.060 -1)  D(1 0.168 1 )
32.586  A(0.305 0.100 0.060 0 )
32.646  A(0.188 0.100 0.060 0 )
32.694  A(0.000 0.100 0.060 -1)  D(0 0.299 1 )
32.754  A(0.446 0.100 0.060 1 )  D(0 0.210 -1)
32.814  A(0.172 0.100 0.060 0 )
32.874  A(0.225 0.100 0.060 0 )
32.934  A(0.503 0.100 0.060 0 )
32.964  A(1.000 0.100 0.060 -1)  D(1 0.111 1 )
33.024  A(0.150 0.100 0.060 0 )
33.075  A(0.000 0.100 0.060 -1)  D(0 0.101 1 )
33.135  A(0.246 0.100 0.060 1 )  D(0 0.190 -1)
33.195  A(0.477 0.100 0.060 0 )
33.255  A(0.157 0.100 0.060 0 )
33.315  A(0.102 0.100 0.060 0 )
33.325  A(1.000 0.100 0.060 -1)  D(1 0.281 1 )
33.385  A(0.264 0.100 0.060 0 )
33.445  A(0.220 0.100 0.060 0 )
33.505  A(0.328 0.100 0.060 0 )
33.565  A(0.403 0.100 0.060 0 )
33.606  A(0.000 0.100 0.060 -1)  D(0 0.184 1 )
33.666  A(0.634 0.100 0.060 1 )  D(0 0.264 -1)
33.726  A(0.906 0.100 0.060 0 )
33.786  A(0.005 0.100 0.060 1 )  D(0 0.217 -1)
33.846  A(0.158 0.100 0.060 1 )  D(0 0.282 -1)
33.906  A(0.074 0.100 0.060 1 )  D(0 0.272 -1)
33.966  A(0.374 0.100 0.060 1 )  D(0 0.209 -1)
34.026  A(0.530 0.100 0.060 0 )
34.086  A(0.819 0.100 0.060 0 )
34.146  A(0.636 0.100 0.060 0 )
34.175  A(1.000 0.100 0.060 -1)  D(1 0.119 1 )
34.235  A(0.351 0.100 0.060 0 )
34.294  A(0.000 0.100 0.060 -1)  D(0 0.139 1 )
34.354  A(0.285 0.100 0.060 1 )  D(0 0.124 -1)
34.414  A(0.113 0.100 0.060 0 )
34.474  A(0.909 0.100 0.060 0 )
34.478  A(1.000 0.100 0.060 -1)  D(1 0.275 1 )
34.538  A(0.008 0.100 0.060 1 )  D(0 0.147 -1)
34.598  A(0.635 0.100 0.060 1 )  D(0 0.109 -1)
34.658  A(0.277 0.100 0.060 0 )
34.707  A(1.000 0.100 0.060 -1)  D(1 0.157 1 )
34.767  A(0.763 0.100 0.060 0 )
34.827  A(0.378 0.100 0.060 0 )
34.864  A(0.000 0.100 0.060 -1)  D(0 0.261 1 )
34.924  A(0.153 0.100 0.060 1 )  D(0 0.226 -1)
34.984  A(0.578 0.100 0.060 0 )
35.044  A(0.906 0.100 0.060 0 )
35.104  A(0.725 0.100 0.060 0 )
35.150  A(1.000 0.100 0.060 -1)  D(1 0.112 1 )
35.210  A(0.818 0.100 0.060 0 )
35.262  A(0.000 0.100 0.060 -1)  D(0 0.213 1 )
35.322  A(0.946 0.100 0.060 1 )  D(0 0.209 -1)
35.382  A(0.671 0.100 0.060 0 )
35.442  A(0.573 0.100 0.060 0 )
35.502  A(0.551 0.100 0.060 0 )
35.531  A(1.000 0.100 0.060 -1)  D(1 0.233 1 )
35.591  A(0.910 0.100 0.060 0 )
35.651  A(0.255 0.100 0.060 0 )
35.711  A(0.970 0.100 0.060 0 )
35.764  A(0.000 0.100 0.060 -1)  D(0 0.213 1 )
35.824  A(0.142 0.100 0.060 1 )  D(0 0.298 -1)
35.884  A(0.439 0.100 0.060 0 )
35.944  A(0.503 0.100 0.060 0 )
36.004  A(0.029 0.100 0.060 1 )  D(0 0.120 -1)
36.064  A(0.064 0.100 0.060 0 )
36.124  A(1.000 0.100 0.060 -1)  D(1 0.119 1 )
36.184  A(0.088 0.100 0.060 1 )  D(0 0.155 -1)
36.244  A(0.419 0.100 0.060 1 )  D(0 0.283 -1)
36.304  A(0.460 0.100 0.060 0 )
36.364  A(0.187 0.100 0.060 0 )
36.424  A(0.140 0.100 0.060 0 )
36.484  A(0.654 0.100 0.060 0 )
36.527  A(1.000 0.100 0.060 -1)  D(1 0.275 1 )
36.587  A(0.381 0.100 0.060 0 )
36.647  A(0.781 0.100 0.060 0 )
36.707  A(0.567 0.100 0.060 0 )
36.767  A(0.547 0.100 0.060 0 )
36.802  A(0.000 0.100 0.060 -1)  D(0 0.174 1 )
36.862  A(0.150 0.100 0.060 1 )  D(0 0.152 -1)
36.922  A(0.764 0.100 0.060 0 )
36.982  A(0.588 0.100 0.060 0 )
37.014  A(1.000 0.100 0.060 -1)  D(1 0.125 1 )
37.074  A(0.053 0.100 0.060 1 )  D(0 0.203 -1)
37.134  A(0.207 0.100 0.060 1 )  D(0 0.202 -1)
37.194  A(0.718 0.100 0.060 0 )
37.254  A(0.988 0.100 0.060 0 )
37.314  A(0.484 0.100 0.060 0 )
37.336  A(1.000 0.100 0.060 -1)  D(1 0.190 1 )
37.396  A(0.683 0.100 0.060 0 )
37.456  A(0.446 0.100 0.060 0 )
37.516  A(0.723 0.100 0.060 0 )
37.526  A(0.000 0.100 0.060 -1)  D(0 0.277 1 )
37.586  A(0.397 0.100 0.060 1 )  D(0 0.113 -1)
37.646  A(0.534 0.100 0.060 0 )
37.699  A(1.000 0.100 0.060 -1)  D(1 0.235 1 )
37.759  A(0.816 0.100 0.060 0 )
37.819  A(0.506 0.100 0.060 0 )
37.879  A(0.706 0.100 0.060 0 )
37.934  A(0.000 0.100 0.060 -1)  D(0 0.272 1 )
37.994  A(0.115 0.100 0.060 1 )  D(0 0.128 -1)
38.054  A(0.689 0.100 0.060 0 )
38.114  A(0.592 0.100 0.060 0 )
38.122  A(1.000 0.100 0.060 -1)  D(1 0.241 1 )
38.182  A(0.996 0.100 0.060 0 )
38.242  A(0.886 0.100 0.060 0 )
38.302  A(0.894 0.100 0.060 0 )
38.362  A(0.126 0.100 0.060 0 )
38.363  A(0.000 0.100 0.060 -1)  D(0 0.157 1 )
38.423  A(0.165 0.100 0.060 1 )  D(0 0.178 -1)
38.483  A(0.758 0.100 0.060 0 )
38.543  A(0.252 0.100 0.060 0 )
38.601  A(1.000 0.100 0.060 -1)  D(1 0.122 1 )
38.661  A(0.118 0.100 0.060 0 )
38.721  A(0.261 0.100 0.060 0 )
38.723  A(0.000 0.100 0.060 -1)  D(0 0.162 1 )
38.783  A(0.228 0.100 0.060 1 )  D(0 0.105 -1)
38.843  A(0.104 0.100 0.060 0 )
38.888  A(1.000 0.100 0.060 -1)  D(1 0.284 1 )
38.948  A(0.786 0.100 0.060 0 )
39.008  A(0.923 0.100 0.060 0 )
39.068  A(0.214 0.100 0.060 0 )
39.128  A(0.323 0.100 0.060 0 )
39.172  A(0.000 0.100 0.060 -1)  D(0 0.158 1 )
39.232  A(0.850 0.100 0.060 1 )  D(0 0.251 -1)
39.292  A(0.513 0.100 0.060 0 )
39.352  A(0.115 0.100 0.060 0 )
39.412  A(0.845 0.100 0.060 0 )
39.472  A(0.191 0.100 0.060 0 )
39.483  A(1.000 0.100 0.060 -1)  D(1 0.283 1 )
39.543  A(0.369 0.100 0.060 0 )
39.603  A(0.437 0.100 0.060 0 )
39.663  A(0.196 0.100 0.060 0 )
39.723  A(0.085 0.100 0.060 1 )  D(0 0.137 -1)
39.783  A(0.306 0.100 0.060 1 )  D(0 0.197 -1)
39.843  A(0.030 0.100 0.060 1 )  D(0 0.197 -1)
39.903  A(0.892 0.100 0.060 1 )  D(0 0.125 -1)
39.963  A(0.385 0.100 0.060 0 )
40.023  A(0.396 0.100 0.060 0 )
40.028  A(1.000 0.100 0.060 -1)  D(1 0.296 1 )
40.088  A(0.629 0.100 0.060 0 )
40.148  A(0.688 0.100 0.060 0 )
40.208  A(0.009 0.100 0.060 1 )  D(0 0.217 -1)
40.268  A(0.756 0.100 0.060 1 )  D(0 0.263 -1)
40.328  A(0.719 0.100 0.060 0 )
40.388  A(0.236 0.100 0.060 0 )
40.448  A(0.288 0.100 0.060 0 )
40.508  A(0.311 0.100 0.060 0 )
40.531  A(1.000 0.100 0.060 -1)  D(1 0.200 1 )
40.591  A(0.707 0.100 0.060 0 )
40.651  A(0.784 0.100 0.060 0 )
40.711  A(0.627 0.100 0.060 0 )
40.731  A(0.000 0.100 0.060 -1)  D(0 0.130 1 )
40.791  A(0.560 0.100 0.060 1 )  D(0 0.297 -1)
40.851  A(0.231 0.100 0.060 0 )
40.911  A(0.085 0.100 0.060 1 )  D(0 0.214 -1)
40.971  A(0.676 0.100 0.060 1 )  D(0 0.254 -1)
41.031  A(0.289 0.100 0.060 0 )
41.091  A(0.871 0.100 0.060 0 )
41.151  A(0.562 0.100 0.060 0 )
41.211  A(0.053 0.100 0.060 1 )  D(0 0.144 -1)
41.271  A(0.920 0.100 0.060 1 )  D(0 0.152 -1)
41.331  A(0.091 0.100 0.060 1 )  D(0 0.159 -1)
41.391  A(0.932 0.100 0.060 1 )  D(0 0.282 -1)
41.451  A(0.013 0.100 0.060 1 )  D(0 0.211 -1)
41.511  A(0.225 0.100 0.060 1 )  D(0 0.280 -1)
41.571  A(0.485 0.100 0.060 0 )
41.631  A(0.084 0.100 0.060 1 )  D(0 0.172 -1)
41.691  A(0.869 0.100 0.060 1 )  D(0 0.291 -1)
41.751  A(0.718 0.100 0.060 0 )
41.811  A(0.721 0.100 0.060 0 )
41.871  A(0.968 0.100 0.060 0 )
41.931  A(0.440 0.100 0.060 0 )
41.982  A(1.000 0.100 0.060 -1)  D(1 0.121 1 )
42.042  A(0.104 0.100 0.060 0 )
42.102  A(0.965 0.100 0.060 0 )
42.103  A(0.000 0.100 0.060 -1)  D(0 0.254 1 )
42.163  A(0.296 0.100 0.060 1 )  D(0 0.258 -1)
42.223  A(0.526 0.100 0.060 0 )
42.283  A(0.376 0.100 0.060 0 )
42.343  A(0.765 0.100 0.060 0 )
42.403  A(0.609 0.100 0.060 0 )
42.421  A(1.000 0.100 0.060 -1)  D(1 0.135 1 )
42.481  A(0.897 0.100 0.060 0 )
42.541  A(0.447 0.100 0.060 0 )
42.556  A(0.000 0.100 0.060 -1)  D(0 0.205 1 )
42.616  A(0.389 0.100 0.060 1 )  D(0 0.139 -1)
42.676  A(0.768 0.100 0.060 0 )
42.736  A(0.425 0.100 0.060 0 )
42.755  A(1.000 0.100 0.060 -1)  D(1 0.295 1 )
42.815  A(0.340 0.100 0.060 0 )
42.875  A(0.924 0.100 0.060 0 )
42.935  A(0.780 0.100 0.060 0 )
42.995  A(0.820 0.100 0.060 0 )
43.050  A(0.000 0.100 0.060 -1)  D(0 0.151 1 )
43.110  A(0.050 0.100 0.060 0 )
43.170  A(0.211 0.100 0.060 1 )  D(0 0.170 -1)
43.230  A(0.367 0.100 0.060 0 )
43.290  A(0.144 0.100 0.060 0 )
43.340  A(1.000 0.100 0.060 -1)  D(1 0.171 1 )
43.400  A(0.263 0.100 0.060 0 )
43.460  A(0.329 0.100 0.060 0 )
43.511  A(0.000 0.100 0.060 -1)  D(0 0.173 1 )
43.571  A(0.555 0.100 0.060 1 )  D(0 0.194 -1)
43.631  A(0.939 0.100 0.060 0 )
43.691  A(0.623 0.100 0.060 0 )
43.751  A(0.603 0.100 0.060 0 )
43.765  A(1.000 0.100 0.060 -1)  D(1 0.264 1 )
43.825  A(0.559 0.100 0.060 0 )
43.885  A(0.739 0.100 0.060 0 )
43.945  A(0.162 0.100 0.060 0 )
44.005  A(0.659 0.100 0.060 0 )
44.029  A(0.000 0.100 0.060 -1)  D(0 0.185 1 )
44.089  A(0.848 0.100 0.060 1 )  D(0 0.117 -1)
44.149  A(0.112 0.100 0.060 0 )
44.206  A(1.000 0.100 0.060 -1)  D(1 0.283 1 )
44.266  A(0.982 0.100 0.060 0 )
44.326  A(0.868 0.100 0.060 0 )
44.386  A(0.805 0.100 0.060 0 )
44.446  A(0.905 0.100 0.060 0 )
44.489  A(0.000 0.100 0.060 -1)  D(0 0.293 1 )
44.549  A(0.716 0.100 0.060 1 )  D(0 0.149 -1)
44.609  A(0.358 0.100 0.060 0 )
44.669  A(0.773 0.100 0.060 0 )
44.698  A(1.000 0.100 0.060 -1)  D(1 0.136 1 )
44.758  A(0.015 0.100 0.060 1 )  D(0 0.167 -1)
44.818  A(0.035 0.100 0.060 0 )
44.878  A(0.724 0.100 0.060 1 )  D(0 0.145 -1)
44.938  A(0.721 0.100 0.060 0 )
44.998  A(0.109 0.100 0.060 0 )
45.023  A(1.000 0.100 0.060 -1)  D(1 0.235 1 )
45.083  A(0.149 0.100 0.060 0 )
45.143  A(0.733 0.100 0.060 0 )
45.203  A(0.828 0.100 0.060 0 )
45.258  A(0.000 0.100 0.060 -1)  D(0 0.215 1 )
45.318  A(0.911 0.100 0.060 1 )  D(0 0.197 -1)
45.378  A(0.173 0.100 0.060 0 )
45.438  A(0.101 0.100 0.060 0 )
45.498  A(0.468 0.100 0.060 0 )
45.515  A(1.000 0.100 0.060 -1)  D(1 0.148 1 )
45.575  A(0.384 0.100 0.060 0 )
45.635  A(0.031 0.100 0.060 1 )  D(0 0.259 -1)
45.695  A(0.876 0.100 0.060 1 )  D(0 0.107 -1)
45.755  A(0.170 0.100 0.060 0 )
45.802  A(1.000 0.100 0.060 -1)  D(1 0.248 1 )
45.862  A(0.132 0.100 0.060 0 )
45.922  A(0.310 0.100 0.060 0 )
45.982  A(0.937 0.100 0.060 0 )
46.042  A(0.717 0.100 0.060 0 )
46.050  A(0.000 0.100 0.060 -1)  D(0 0.272 1 )
46.110  A(0.475 0.100 0.060 1 )  D(0 0.213 -1)
46.170  A(0.353 0.100 0.060 0 )
46.230  A(0.762 0.100 0.060 0 )
46.290  A(0.340 0.100 0.060 0 )
46.323  A(1.000 0.100 0.060 -1)  D(1 0.217 1 )
46.383  A(0.398 0.100 0.060 0 )
46.443  A(0.529 0.100 0.060 0 )
46.503  A(0.653 0.100 0.060 0 )
46.540  A(0.000 0.100 0.060 -1)  D(0 0.234 1 )
46.600  A(0.686 0.100 0.060 1 )  D(0 0.228 -1)
46.660  A(0.857 0.100 0.060 0 )
46.720  A(0.301 0.100 0.060 0 )
46.780  A(0.024 0.100 0.060 1 )  D(0 0.199 -1)
46.840  A(0.152 0.100 0.060 1 )  D(0 0.106 -1)
46.900  A(0.147 0.100 0.060 0 )
46.946  A(1.000 0.100 0.060 -1)  D(1 0.289 1 )
47.006  A(0.076 0.100 0.060 1 )  D(0 0.168 -1)
47.066  A(0.885 0.100 0.060 1 )  D(0 0.107 -1)
47.126  A(0.081 0.100 0.060 1 )  D(0 0.116 -1)
47.186  A(0.092 0.100 0.060 0 )
47.242  A(1.000 0.100 0.060 -1)  D(1 0.136 1 )
47.302  A(0.112 0.100 0.060 0 )
47.362  A(0.786 0.100 0.060 0 )
47.378  A(0.000 0.100 0.060 -1)  D(0 0.141 1 )
47.438  A(0.999 0.100 0.060 1 )  D(0 0.246 -1)
47.498  A(0.678 0.100 0.060 0 )
47.558  A(0.751 0.100 0.060 0 )
47.618  A(0.262 0.100 0.060 0 )
47.678  A(0.010 0.100 0.060 1 )  D(0 0.191 -1)
47.738  A(0.879 0.100 0.060 1 )  D(0 0.261 -1)
47.798  A(0.869 0.100 0.060 0 )
47.858  A(0.375 0.100 0.060 0 )
47.918  A(0.858 0.100 0.060 0 )
47.978  A(0.752 0.100 0.060 0 )
47.999  A(1.000 0.100 0.060 -1)  D(1 0.154 1 )
48.059  A(0.294 0.100 0.060 0 )
48.119  A(0.666 0.100 0.060 0 )
48.153  A(0.000 0.100 0.060 -1)  D(0 0.222 1 )
48.213  A(0.607 0.100 0.060 1 )  D(0 0.247 -1)
48.273  A(0.352 0.100 0.060 0 )
48.333  A(0.235 0.100 0.060 0 )
48.393  A(0.916 0.100 0.060 0 )
48.453  A(0.212 0.100 0.060 0 )
48.460  A(1.000 0.100 0.060 -1)  D(1 0.239 1 )
48.520  A(0.842 0.100 0.060 0 )
48.580  A(0.807 0.100 0.060 0 )
48.640  A(0.704 0.100 0.060 0 )
48.699  A(0.000 0.100 0.060 -1)  D(0 0.234 1 )
48.759  A(0.184 0.100 0.060 1 )  D(0 0.202 -1)
48.819  A(0.990 0.100 0.060 0 )
48.879  A(0.298 0.100 0.060 0 )
48.939  A(0.085 0.100 0.060 1 )  D(0 0.107 -1)
48.999  A(0.998 0.100 0.060 1 )  D(0 0.270 -1)
49.059  A(0.116 0.100 0.060 0 )
49.119  A(0.534 0.100 0.060 0 )
49.179  A(0.619 0.100 0.060 0 )
49.239  A(0.476 0.100 0.060 0 )
49.269  A(1.000 0.100 0.060 -1)  D(1 0.209 1 )
49.329  A(0.384 0.100 0.060 0 )
49.389  A(0.582 0.100 0.060 0 )
49.449  A(0.654 0.100 0.060 0 )
49.478  A(0.000 0.100 0.060 -1)  D(0 0.231 1 )
49.538  A(0.591 0.100 0.060 1 )  D(0 0.196 -1)
49.598  A(0.331 0.100 0.060 0 )
49.658  A(0.553 0.100 0.060 0 )
49.718  A(0.990 0.100 0.060 0 )
49.734  A(1.000 0.100 0.060 -1)  D(1 0.144 1 )
49.794  A(0.181 0.100 0.060 0 )
49.854  A(0.822 0.100 0.060 0 )
49.878  A(0.000 0.100 0.060 -1)  D(0 0.180 1 )
49.938  A(0.759 0.100 0.060 1 )  D(0 0.239 -1)
49.998  A(0.591 0.100 0.060 0 )
50.058  A(0.925 0.100 0.060 0 )
50.118  A(0.940 0.100 0.060 0 )
50.177  A(1.000 0.100 0.060 -1)  D(1 0.119 1 )
50.237  A(0.166 0.100 0.060 0 )
50.296  A(0.000 0.100 0.060 -1)  D(0 0.268 1 )
50.356  A(0.773 0.100 0.060 1 )  D(0 0.183 -1)
50.416  A(0.161 0.100 0.060 0 )
50.476  A(0.979 0.100 0.060 0 )
50.536  A(0.428 0.100 0.060 0 )
50.539  A(1.000 0.100 0.060 -1)  D(1 0.131 1 )
50.599  A(0.621 0.100 0.060 0 )
50.659  A(0.306 0.100 0.060 0 )
50.670  A(0.000 0.100 0.060 -1)  D(0 0.269 1 )
50.730  A(0.624 0.100 0.060 1 )  D(0 0.129 -1)
50.790  A(0.621 0.100 0.060 0 )
50.850  A(0.747 0.100 0.060 0 )
50.859  A(1.000 0.100 0.060 -1)  D(1 0.289 1 )
50.919  A(0.705 0.100 0.060 0 )
50.979  A(0.444 0.100 0.060 0 )
51.039  A(0.686 0.100 0.060 0 )
51.099  A(0.161 0.100 0.060 0 )
51.148  A(0.000 0.100 0.060 -1)  D(0 0.104 1 )
51.208  A(0.782 0.100 0.060 1 )  D(0 0.114 -1)
51.268  A(0.675 0.100 0.060 0 )
51.322  A(1.000 0.100 0.060 -1)  D(1 0.204 1 )
51.382  A(0.522 0.100 0.060 0 )
51.442  A(0.964 0.100 0.060 0 )
51.502  A(0.309 0.100 0.060 0 )
51.526  A(0.000 0.100 0.060 -1)  D(0 0.199 1 )
51.586  A(0.551 0.100 0.060 1 )  D(0 0.278 -1)
51.646  A(0.713 0.100 0.060 0 )
51.706  A(0.999 0.100 0.060 0 )
51.766  A(0.624 0.100 0.060 0 )
51.826  A(0.581 0.100 0.060 0 )
51.864  A(1.000 0.100 0.060 -1)  D(1 0.298 1 )
51.924  A(0.414 0.100 0.060 0 )
51.984  A(0.380 0.100 0.060 0 )
52.044  A(0.571 0.100 0.060 0 )
52.104  A(0.535 0.100 0.060 0 )
52.162  A(0.000 0.100 0.060 -1)  D(0 0.143 1 )
52.222  A(0.950 0.100 0.060 1 )  D(0 0.155 -1)
52.282  A(0.323 0.100 0.060 0 )
52.342  A(0.353 0.100 0.060 0 )
52.377  A(1.000 0.100 0.060 -1)  D(1 0.203 1 )
52.437  A(0.542 0.100 0.060 0 )
52.497  A(0.244 0.100 0.060 0 )
52.557  A(0.663 0.100 0.060 0 )
52.580  A(0.000 0.100 0.060 -1)  D(0 0.167 1 )
52.640  A(0.009 0.100 0.060 0 )
52.700  A(0.434 0.100 0.060 1 )  D(0 0.261 -1)
52.760  A(0.231 0.100 0.060 0 )
52.820  A(0.292 0.100 0.060 0 )
52.880  A(0.303 0.100 0.060 0 )
52.940  A(0.924 0.100 0.060 0 )
52.961  A(1.000 0.100 0.060 -1)  D(1 0.235 1 )
53.021  A(0.542 0.100 0.060 0 )
53.081  A(0.137 0.100 0.060 0 )
53.141  A(0.821 0.100 0.060 0 )
53.196  A(0.000 0.100 0.060 -1)  D(0 0.222 1 )
53.256  A(0.534 0.100 0.060 1 )  D(0 0.279 -1)
53.316  A(0.372 0.100 0.060 0 )
53.376  A(0.357 0.100 0.060 0 )
53.436  A(0.099 0.100 0.060 1 )  D(0 0.192 -1)
53.496  A(0.735 0.100 0.060 1 )  D(0 0.136 -1)
53.556  A(0.920 0.100 0.060 0 )
53.616  A(0.085 0.100 0.060 1 )  D(0 0.217 -1)
53.676  A(0.616 0.100 0.060 1 )  D(0 0.222 -1)
53.736  A(0.870 0.100 0.060 0 )
53.796  A(0.841 0.100 0.060 0 )
53.856  A(0.378 0.100 0.060 0 )
53.898  A(1.000 0.100 0.060 -1)  D(1 0.241 1 )
53.958  A(0.679 0.100 0.060 0 )
54.018  A(0.964 0.100 0.060 0 )
54.078  A(0.179 0.100 0.060 0 )
54.138  A(0.769 0.100 0.060 0 )
54.139  A(0.000 0.100 0.060 -1)  D(0 0.131 1 )
54.199  A(0.652 0.100 0.060 1 )  D(0 0.232 -1)
54.259  A(0.034 0.100 0.060 1 )  D(0 0.114 -1)
54.319  A(0.405 0.100 0.060 1 )  D(0 0.110 -1)
54.379  A(0.325 0.100 0.060 0 )
54.429  A(1.000 0.100 0.060 -1)  D(1 0.111 1 )
54.489  A(0.115 0.100 0.060 0 )
54.540  A(0.000 0.100 0.060 -1)  D(0 0.269 1 )
54.600  A(0.370 0.100 0.060 1 )  D(0 0.135 -1)
54.660  A(0.852 0.100 0.060 0 )
54.720  A(0.193 0.100 0.060 0 )
54.735  A(1.000 0.100 0.060 -1)  D(1 0.260 1 )
54.795  A(0.596 0.100 0.060 0 )
54.855  A(0.022 0.100 0.060 1 )  D(0 0.279 -1)
54.915  A(0.432 0.100 0.060 1 )  D(0 0.236 -1)
54.975  A(0.901 0.100 0.060 0 )
55.035  A(0.207 0.100 0.060 0 )
55.095  A(0.750 0.100 0.060 0 )
55.151  A(1.000 0.100 0.060 -1)  D(1 0.134 1 )
55.211  A(0.203 0.100 0.060 0 )
55.271  A(0.054 0.100 0.060 1 )  D(0 0.177 -1)
55.331  A(0.067 0.100 0.060 0 )
55.391  A(0.188 0.100 0.060 1 )  D(0 0.170 -1)
55.451  A(0.237 0.100 0.060 0 )
55.511  A(0.766 0.100 0.060 0 )
55.561  A(1.000 0.100 0.060 -1)  D(1 0.299 1 )
55.621  A(0.765 0.100 0.060 0 )
55.681  A(0.457 0.100 0.060 0 )
55.741  A(0.063 0.100 0.060 1 )  D(0 0.193 -1)
55.801  A(0.353 0.100 0.060 1 )  D(0 0.139 -1)
55.861  A(0.318 0.100 0.060 0 )
55.921  A(0.006 0.100 0.060 1 )  D(0 0.116 -1)
55.981  A(0.357 0.100 0.060 1 )  D(0 0.137 -1)
56.041  A(0.733 0.100 0.060 0 )
56.101  A(0.765 0.100 0.060 0 )
56.118  A(1.000 0.100 0.060 -1)  D(1 0.114 1 )
56.178  A(0.155 0.100 0.060 0 )
56.232  A(0.000 0.100 0.060 -1)  D(0 0.140 1 )
56.292  A(0.707 0.100 0.060 1 )  D(0 0.290 -1)
56.352  A(0.597 0.100 0.060 0 )
56.412  A(0.121 0.100 0.060 0 )
56.472  A(0.532 0.100 0.060 0 )
56.532  A(0.559 0.100 0.060 0 )
56.582  A(1.000 0.100 0.060 -1)  D(1 0.111 1 )
56.642  A(0.750 0.100 0.060 0 )
56.693  A(0.000 0.100 0.060 -1)  D(0 0.216 1 )
56.753  A(0.780 0.100 0.060 1 )  D(0 0.133 -1)
56.813  A(0.189 0.100 0.060 0 )
56.873  A(0.060 0.100 0.060 1 )  D(0 0.115 -1)
56.933  A(0.053 0.100 0.060 0 )
56.988  A(1.000 0.100 0.060 -1)  D(1 0.145 1 )
57.048  A(0.655 0.100 0.060 0 )
57.108  A(0.377 0.100 0.060 0 )
57.133  A(0.000 0.100 0.060 -1)  D(0 0.108 1 )
57.193  A(0.206 0.100 0.060 1 )  D(0 0.230 -1)
57.253  A(0.555 0.100 0.060 0 )
57.313  A(0.714 0.100 0.060 0 )
57.373  A(0.523 0.100 0.060 0 )
57.423  A(1.000 0.100 0.060 -1)  D(1 0.229 1 )
57.483  A(0.914 0.100 0.060 0 )
57.543  A(0.856 0.100 0.060 0 )
57.603  A(0.749 0.100 0.060 0 )
57.652  A(0.000 0.100 0.060 -1)  D(0 0.270 1 )
57.712  A(0.134 0.100 0.060 1 )  D(0 0.119 -1)
57.772  A(0.895 0.100 0.060 0 )
57.831  A(1.000 0.100 0.060 -1)  D(1 0.198 1 )
57.891  A(0.866 0.100 0.060 0 )
57.951  A(0.795 0.100 0.060 0 )
58.011  A(0.828 0.100 0.060 0 )
58.029  A(0.000 0.100 0.060 -1)  D(0 0.212 1 )
58.089  A(0.192 0.100 0.060 1 )  D(0 0.197 -1)
58.149  A(0.586 0.100 0.060 0 )
58.209  A(0.828 0.100 0.060 0 )
58.269  A(0.425 0.100 0.060 0 )
58.286  A(1.000 0.100 0.060 -1)  D(1 0.246 1 )
58.346  A(0.755 0.100 0.060 0 )
58.406  A(0.690 0.100 0.060 0 )
58.466  A(0.401 0.100 0.060 0 )
58.526  A(0.875 0.100 0.060 0 )
58.532  A(0.000 0.100 0.060 -1)  D(0 0.113 1 )
58.592  A(0.976 0.100 0.060 1 )  D(0 0.296 -1)
58.652  A(0.867 0.100 0.060 0 )
58.712  A(0.237 0.100 0.060 0 )
58.772  A(0.947 0.100 0.060 0 )
58.832  A(0.998 0.100 0.060 0 )
58.888  A(1.000 0.100 0.060 -1)  D(1 0.127 1 )
58.948  A(0.927 0.100 0.060 0 )
59.008  A(0.895 0.100 0.060 0 )
59.015  A(0.000 0.100 0.060 -1)  D(0 0.284 1 )
59.075  A(0.123 0.100 0.060 1 )  D(0 0.200 -1)
59.135  A(0.269 0.100 0.060 0 )
59.195  A(0.404 0.100 0.060 0 )
59.255  A(0.718 0.100 0.060 0 )
59.275  A(1.000 0.100 0.060 -1)  D(1 0.281 1 )
59.335  A(0.924 0.100 0.060 0 )
59.395  A(0.868 0.100 0.060 0 )
59.455  A(0.085 0.100 0.060 1 )  D(0 0.241 -1)
59.515  A(0.151 0.100 0.060 1 )  D(0 0.257 -1)
59.575  A(0.192 0.100 0.060 0 )
59.635  A(0.861 0.100 0.060 0 )
59.695  A(0.273 0.100 0.060 0 )
59.755  A(0.525 0.100 0.060 0 )
59.772  A(1.000 0.100 0.060 -1)  D(1 0.154 1 )
59.832  A(0.244 0.100 0.060 0 )
59.892  A(0.497 0.100 0.060 0 )
59.926  A(0.000 0.100 0.060 -1)  D(0 0.245 1 )
59.986  A(0.900 0.100 0.060 1 )  D(0 0.275 -1)
60.046  A(0.439 0.100 0.060 0 )
60.106  A(0.850 0.100 0.060 0 )
60.166  A(0.241 0.100 0.060 0 )
60.226  A(0.252 0.100 0.060 0 )
60.261  A(1.000 0.100 0.060 -1)  D(1 0.272 1 )
60.321  A(0.559 0.100 0.060 0 )
60.381  A(0.586 0.100 0.060 0 )
60.441  A(0.895 0.100 0.060 0 )
60.501  A(0.255 0.100 0.060 0 )
60.533  A(0.000 0.100 0.060 -1)  D(0 0.173 1 )
60.593  A(0.102 0.100 0.060 1 )  D(0 0.241 -1)
60.653  A(0.718 0.100 0.060 0 )
60.713  A(0.481 0.100 0.060 0 )
60.773  A(0.539 0.100 0.060 0 )
60.833  A(0.549 0.100 0.060 0 )
60.834  A(1.000 0.100 0.060 -1)  D(1 0.172 1 )
60.894  A(0.812 0.100 0.060 0 )
60.954  A(0.433 0.100 0.060 0 )
61.006  A(0.000 0.100 0.060 -1)  D(0 0.141 1 )
61.066  A(0.515 0.100 0.060 1 )  D(0 0.148 -1)
61.126  A(0.638 0.100 0.060 0 )
61.186  A(0.727 0.100 0.060 0 )
61.214  A(1.000 0.100 0.060 -1)  D(1 0.183 1 )
61.274  A(0.444 0.100 0.060 0 )
61.334  A(0.674 0.100 0.060 0 )
61.394  A(0.625 0.100 0.060 0 )
61.397  A(0.000 0.100 0.060 -1)  D(0 0.228 1 )
61.457  A(0.901 0.100 0.060 1 )  D(0 0.229 -1)
61.517  A(0.372 0.100 0.060 0 )
61.577  A(0.605 0.100 0.060 0 )
61.637  A(0.162 0.100 0.060 0 )
61.686  A(1.000 0.100 0.060 -1)  D(1 0.165 1 )
61.746  A(0.604 0.100 0.060 0 )
61.806  A(0.621 0.100 0.060 0 )
61.851  A(0.000 0.100 0.060 -1)  D(0 0.217 1 )
61.911  A(0.941 0.100 0.060 1 )  D(0 0.144 -1)
61.971  A(0.669 0.100 0.060 0 )
62.031  A(0.810 0.100 0.060 0 )
62.055  A(1.000 0.100 0.060 -1)  D(1 0.215 1 )
62.115  A(0.322 0.100 0.060 0 )
62.175  A(0.014 0.100 0.060 1 )  D(0 0.215 -1)
62.235  A(0.324 0.100 0.060 1 )  D(0 0.225 -1)
62.295  A(0.309 0.100 0.060 0 )
62.355  A(0.190 0.100 0.060 0 )
62.415  A(0.396 0.100 0.060 0 )
62.460  A(1.000 0.100 0.060 -1)  D(1 0.232 1 )
62.520  A(0.603 0.100 0.060 0 )
62.580  A(0.046 0.100 0.060 1 )  D(0 0.133 -1)
62.640  A(0.209 0.100 0.060 1 )  D(0 0.204 -1)
62.700  A(0.056 0.100 0.060 1 )  D(0 0.273 -1)
62.760  A(0.557 0.100 0.060 1 )  D(0 0.146 -1)
62.820  A(0.446 0.100 0.060 0 )
62.880  A(0.753 0.100 0.060 0 )
62.906  A(1.000 0.100 0.060 -1)  D(1 0.188 1 )
62.966  A(0.724 0.100 0.060 0 )
63.026  A(0.701 0.100 0.060 0 )
63.086  A(0.743 0.100 0.060 0 )
63.094  A(0.000 0.100 0.060 -1)  D(0 0.267 1 )
63.154  A(0.388 0.100 0.060 1 )  D(0 0.266 -1)
63.214  A(0.155 0.100 0.060 0 )
63.274  A(0.467 0.100 0.060 0 )
63.334  A(0.704 0.100 0.060 0 )
63.394  A(0.812 0.100 0.060 0 )
63.420  A(1.000 0.100 0.060 -1)  D(1 0.272 1 )
63.480  A(0.035 0.100 0.060 1 )  D(0 0.138 -1)
63.540  A(0.328 0.100 0.060 1 )  D(0 0.115 -1)
63.600  A(0.700 0.100 0.060 0 )
63.655  A(1.000 0.100 0.060 -1)  D(1 0.264 1 )
63.715  A(0.863 0.100 0.060 0 )
63.775  A(0.516 0.100 0.060 0 )
63.835  A(0.985 0.100 0.060 0 )
63.895  A(0.129 0.100 0.060 0 )
63.919  A(0.000 0.100 0.060 -1)  D(0 0.221 1 )
63.979  A(0.330 0.100 0.060 1 )  D(0 0.257 -1)
64.039  A(0.315 0.100 0.060 0 )
64.099  A(0.710 0.100 0.060 0 )
64.159  A(0.550 0.100 0.060 0 )
64.219  A(0.497 0.100 0.060 0 )
64.236  A(1.000 0.100 0.060 -1)  D(1 0.279 1 )
64.296  A(0.862 0.100 0.060 0 )
64.356  A(0.058 0.100 0.060 1 )  D(0 0.195 -1)
64.416  A(0.247 0.100 0.060 1 )  D(0 0.255 -1)
64.476  A(0.060 0.100 0.060 1 )  D(0 0.262 -1)
64.536  A(0.209 0.100 0.060 1 )  D(0 0.256 -1)
64.596  A(0.645 0.100 0.060 0 )
64.656  A(0.752 0.100 0.060 0 )
64.716  A(0.969 0.100 0.060 0 )
64.776  A(0.879 0.100 0.060 0 )
64.792  A(1.000 0.100 0.060 -1)  D(1 0.168 1 )
64.852  A(0.444 0.100 0.060 0 )
64.912  A(0.689 0.100 0.060 0 )
64.960  A(0.000 0.100 0.060 -1)  D(0 0.274 1 )
65.020  A(0.130 0.100 0.060 1 )  D(0 0.242 -1)
65.080  A(0.154 0.100 0.060 0 )
65.140  A(0.078 0.100 0.060 1 )  D(0 0.199 -1)
65.200  A(0.140 0.100 0.060 1 )  D(0 0.243 -1)
65.260  A(0.734 0.100 0.060 0 )
65.320  A(0.174 0.100 0.060 0 )
65.380  A(0.326 0.100 0.060 0 )
65.440  A(0.720 0.100 0.060 0 )
65.443  A(1.000 0.100 0.060 -1)  D(1 0.279 1 )
65.503  A(0.137 0.100 0.060 0 )
65.563  A(0.184 0.100 0.060 0 )
65.623  A(0.313 0.100 0.060 0 )
65.683  A(0.944 0.100 0.060 0 )
65.722  A(0.000 0.100 0.060 -1)  D(0 0.182 1 )
65.782  A(0.029 0.100 0.060 0 )
65.842  A(0.993 0.100 0.060 1 )  D(0 0.250 -1)
65.902  A(0.953 0.100 0.060 0 )
65.962  A(0.298 0.100 0.060 0 )
66.022  A(0.121 0.100 0.060 0 )
66.082  A(0.883 0.100 0.060 0 )
66.092  A(1.000 0.100 0.060 -1)  D(1 0.154 1 )
66.152  A(0.410 0.100 0.060 0 )
66.212  A(0.695 0.100 0.060 0 )
66.246  A(0.000 0.100 0.060 -1)  D(0 0.206 1 )
66.306  A(0.907 0.100 0.060 1 )  D(0 0.229 -1)
66.366  A(0.258 0.100 0.060 0 )
66.426  A(0.525 0.100 0.060 0 )
66.486  A(0.985 0.100 0.060 0 )
66.535  A(1.000 0.100 0.060 -1)  D(1 0.277 1 )
66.595  A(0.906 0.100 0.060 0 )
66.655  A(0.121 0.100 0.060 0 )
66.715  A(0.112 0.100 0.060 0 )
66.775  A(0.071 0.100 0.060 1 )  D(0 0.251 -1)
66.835  A(0.378 0.100 0.060 1 )  D(0 0.139 -1)
66.895  A(0.139 0.100 0.060 0 )
66.955  A(0.457 0.100 0.060 0 )
66.974  A(1.000 0.100 0.060 -1)  D(1 0.259 1 )
67.034  A(0.272 0.100 0.060 0 )
67.094  A(0.072 0.100 0.060 1 )  D(0 0.274 -1)
67.154  A(0.767 0.100 0.060 1 )  D(0 0.134 -1)
67.214  A(0.543 0.100 0.060 0 )
67.274  A(0.110 0.100 0.060 0 )
67.288  A(1.000 0.100 0.060 -1)  D(1 0.216 1 )
67.348  A(0.176 0.100 0.060 0 )
67.408  A(0.114 0.100 0.060 0 )
67.468  A(0.372 0.100 0.060 0 )
67.504  A(0.000 0.100 0.060 -1)  D(0 0.272 1 )
67.564  A(0.693 0.100 0.060 1 )  D(0 0.225 -1)
67.624  A(0.658 0.100 0.060 0 )
67.684  A(0.520 0.100 0.060 0 )
67.744  A(0.681 0.100 0.060 0 )
67.789  A(1.000 0.100 0.060 -1)  D(1 0.181 1 )
67.849  A(0.687 0.100 0.060 0 )
67.909  A(0.476 0.100 0.060 0 )
67.969  A(0.844 0.100 0.060 0 )
67.970  A(0.000 0.100 0.060 -1)  D(0 0.161 1 )
68.030  A(0.816 0.100 0.060 1 )  D(0 0.164 -1)
68.090  A(0.057 0.100 0.060 1 )  D(0 0.200 -1)
68.150  A(0.093 0.100 0.060 0 )
68.210  A(0.066 0.100 0.060 0 )
68.270  A(0.072 0.100 0.060 0 )
68.290  A(1.000 0.100 0.060 -1)  D(1 0.151 1 )
68.350  A(0.751 0.100 0.060 0 )
68.410  A(0.970 0.100 0.060 0 )
68.441  A(0.000 0.100 0.060 -1)  D(0 0.224 1 )
68.501  A(0.711 0.100 0.060 1 )  D(0 0.207 -1)
68.561  A(0.797 0.100 0.060 0 )
68.621  A(0.155 0.100 0.060 0 )
68.681  A(0.354 0.100 0.060 0 )
68.708  A(1.000 0.100 0.060 -1)  D(1 0.299 1 )
68.768  A(0.150 0.100 0.060 0 )
68.828  A(0.171 0.100 0.060 0 )
68.888  A(0.234 0.100 0.060 0 )
68.948  A(0.176 0.100 0.060 0 )
69.007  A(0.000 0.100 0.060 -1)  D(0 0.232 1 )
69.067  A(0.255 0.100 0.060 1 )  D(0 0.179 -1)
69.127  A(0.346 0.100 0.060 0 )
69.187  A(0.642 0.100 0.060 0 )
69.246  A(1.000 0.100 0.060 -1)  D(1 0.235 1 )
69.306  A(0.625 0.100 0.060 0 )
69.366  A(0.892 0.100 0.060 0 )
69.426  A(0.136 0.100 0.060 0 )
69.481  A(0.000 0.100 0.060 -1)  D(0 0.237 1 )
69.541  A(0.561 0.100 0.060 1 )  D(0 0.280 -1)
69.601  A(0.470 0.100 0.060 0 )
69.661  A(0.921 0.100 0.060 0 )
69.721  A(0.312 0.100 0.060 0 )
69.781  A(0.495 0.100 0.060 0 )
69.821  A(1.000 0.100 0.060 -1)  D(1 0.109 1 )
69.881  A(0.547 0.100 0.060 0 )
69.930  A(0.000 0.100 0.060 -1)  D(0 0.288 1 )
69.990  A(0.235 0.100 0.060 1 )  D(0 0.150 -1)
70.050  A(0.129 0.100 0.060 0 )
70.110  A(0.064 0.100 0.060 1 )  D(0 0.223 -1)
70.170  A(0.435 0.100 0.060 1 )  D(0 0.187 -1)
70.230  A(0.553 0.100 0.060 0 )
70.290  A(0.605 0.100 0.060 0 )
70.350  A(0.753 0.100 0.060 0 )
70.357  A(1.000 0.100 0.060 -1)  D(1 0.243 1 )
70.417  A(0.499 0.100 0.060 0 )
70.477  A(0.246 0.100 0.060 0 )
70.537  A(0.834 0.100 0.060 0 )
70.597  A(0.908 0.100 0.060 0 )
70.600  A(0.000 0.100 0.060 -1)  D(0 0.198 1 )
70.660  A(0.432 0.100 0.060 1 )  D(0 0.278 -1)
70.720  A(0.971 0.100 0.060 0 )
70.780  A(0.733 0.100 0.060 0 )
70.840  A(0.563 0.100 0.060 0 )
70.900  A(0.410 0.100 0.060 0 )
70.938  A(1.000 0.100 0.060 -1)  D(1 0.220 1 )
70.998  A(0.453 0.100 0.060 0 )
71.058  A(0.565 0.100 0.060 0 )
71.118  A(0.887 0.100 0.060 0 )
71.158  A(0.000 0.100 0.060 -1)  D(0 0.259 1 )
71.218  A(0.577 0.100 0.060 1 )  D(0 0.215 -1)
71.278  A(0.521 0.100 0.060 0 )
71.338  A(0.414 0.100 0.060 0 )
71.398  A(0.472 0.100 0.060 0 )
71.433  A(1.000 0.100 0.060 -1)  D(1 0.200 1 )
71.493  A(0.239 0.100 0.060 0 )
71.553  A(0.499 0.100 0.060 0 )
71.613  A(0.545 0.100 0.060 0 )
71.633  A(0.000 0.100 0.060 -1)  D(0 0.242 1 )
71.693  A(0.233 0.100 0.060 1 )  D(0 0.135 -1)
71.753  A(0.700 0.100 0.060 0 )
71.813  A(0.712 0.100 0.060 0 )
71.828  A(1.000 0.100 0.060 -1)  D(1 0.227 1 )
71.888  A(0.880 0.100 0.060 0 )
71.948  A(0.377 0.100 0.060 0 )
72.008  A(0.937 0.100 0.060 0 )
72.055  A(0.000 0.100 0.060 -1)  D(0 0.199 1 )
72.115  A(0.703 0.100 0.060 1 )  D(0 0.132 -1)
72.175  A(0.857 0.100 0.060 0 )
72.235  A(0.021 0.100 0.060 1 )  D(0 0.253 -1)
72.295  A(0.211 0.100 0.060 1 )  D(0 0.261 -1)
72.355  A(0.081 0.100 0.060 1 )  D(0 0.282 -1)
72.415  A(0.919 0.100 0.060 1 )  D(0 0.196 -1)
72.475  A(0.765 0.100 0.060 0 )
72.535  A(0.856 0.100 0.060 0 )
72.595  A(0.038 0.100 0.060 1 )  D(0 0.261 -1)
72.655  A(0.127 0.100 0.060 1 )  D(0 0.101 -1)
72.715  A(0.054 0.100 0.060 1 )  D(0 0.149 -1)
72.775  A(0.237 0.100 0.060 1 )  D(0 0.278 -1)
72.835  A(0.881 0.100 0.060 0 )
72.895  A(0.823 0.100 0.060 0 )
72.955  A(0.498 0.100 0.060 0 )
73.015  A(0.746 0.100 0.060 0 )
73.053  A(1.000 0.100 0.060 -1)  D(1 0.179 1 )
73.113  A(0.416 0.100 0.060 0 )
73.173  A(0.589 0.100 0.060 0 )
73.232  A(0.000 0.100 0.060 -1)  D(0 0.132 1 )
73.292  A(0.078 0.100 0.060 0 )
73.352  A(0.394 0.100 0.060 1 )  D(0 0.153 -1)
73.412  A(0.849 0.100 0.060 0 )
73.472  A(0.913 0.100 0.060 0 )
73.505  A(1.000 0.100 0.060 -1)  D(1 0.242 1 )
73.565  A(0.316 0.100 0.060 0 )
73.625  A(0.328 0.100 0.060 0 )
73.685  A(0.530 0.100 0.060 0 )
73.745  A(0.410 0.100 0.060 0 )
73.747  A(0.000 0.100 0.060 -1)  D(0 0.216 1 )
73.807  A(0.103 0.100 0.060 1 )  D(0 0.225 -1)
73.867  A(0.101 0.100 0.060 0 )
73.927  A(0.520 0.100 0.060 0 )
73.987  A(0.149 0.100 0.060 0 )
74.032  A(1.000 0.100 0.060 -1)  D(1 0.168 1 )
74.092  A(0.239 0.100 0.060 0 )
74.152  A(0.891 0.100 0.060 0 )
74.200  A(0.000 0.100 0.060 -1)  D(0 0.226 1 )
74.260  A(0.185 0.100 0.060 1 )  D(0 0.177 -1)
74.320  A(0.699 0.100 0.060 0 )
74.380  A(0.467 0.100 0.060 0 )
74.437  A(1.000 0.100 0.060 -1)  D(1 0.236 1 )
74.497  A(0.647 0.100 0.060 0 )
74.557  A(0.966 0.100 0.060 0 )
74.617  A(0.958 0.100 0.060 0 )
74.673  A(0.000 0.100 0.060 -1)  D(0 0.256 1 )
74.733  A(0.753 0.100 0.060 1 )  D(0 0.124 -1)
74.793  A(0.045 0.100 0.060 1 )  D(0 0.179 -1)
74.853  A(0.665 0.100 0.060 1 )  D(0 0.170 -1)
74.913  A(0.982 0.100 0.060 0 )
74.973  A(0.901 0.100 0.060 0 )
75.023  A(1.000 0.100 0.060 -1)  D(1 0.170 1 )
75.083  A(0.501 0.100 0.060 0 )
75.143  A(0.392 0.100 0.060 0 )
75.193  A(0.000 0.100 0.060 -1)  D(0 0.295 1 )
75.253  A(0.287 0.100 0.060 1 )  D(0 0.222 -1)
75.313  A(0.620 0.100 0.060 0 )
75.373  A(0.325 0.100 0.060 0 )
75.433  A(0.086 0.100 0.060 1 )  D(0 0.101 -1)
75.493  A(0.388 0.100 0.060 1 )  D(0 0.146 -1)
75.553  A(0.791 0.100 0.060 0 )
75.613  A(0.527 0.100 0.060 0 )
75.639  A(1.000 0.100 0.060 -1)  D(1 0.166 1 )
75.699  A(0.112 0.100 0.060 0 )
75.759  A(0.634 0.100 0.060 0 )
75.805  A(0.000 0.100 0.060 -1)  D(0 0.256 1 )
75.865  A(0.377 0.100 0.060 1 )  D(0 0.276 -1)
75.925  A(0.311 0.100 0.060 0 )
75.985  A(0.002 0.100 0.060 1 )  D(0 0.210 -1)
76.045  A(0.414 0.100 0.060 1 )  D(0 0.126 -1)
76.105  A(0.718 0.100 0.060 0 )
76.165  A(0.098 0.100 0.060 1 )  D(0 0.267 -1)
76.225  A(0.739 0.100 0.060 1 )  D(0 0.151 -1)
76.285  A(0.320 0.100 0.060 0 )
76.345  A(0.093 0.100 0.060 1 )  D(0 0.134 -1)
76.405  A(0.493 0.100 0.060 1 )  D(0 0.262 -1)
76.465  A(0.695 0.100 0.060 0 )
76.525  A(0.610 0.100 0.060 0 )
76.585  A(0.644 0.100 0.060 0 )
76.645  A(0.167 0.100 0.060 0 )
76.667  A(1.000 0.100 0.060 -1)  D(1 0.282 1 )
76.727  A(0.999 0.100 0.060 0 )
76.787  A(0.278 0.100 0.060 0 )
76.847  A(0.356 0.100 0.060 0 )
76.907  A(0.542 0.100 0.060 0 )
76.949  A(0.000 0.100 0.060 -1)  D(0 0.251 1 )
77.009  A(0.425 0.100 0.060 1 )  D(0 0.247 -1)
77.069  A(0.108 0.100 0.060 0 )
77.129  A(0.961 0.100 0.060 0 )
77.189  A(0.239 0.100 0.060 0 )
77.249  A(0.384 0.100 0.060 0 )
77.256  A(1.000 0.100 0.060 -1)  D(1 0.141 1 )
77.316  A(0.485 0.100 0.060 0 )
77.376  A(0.510 0.100 0.060 0 )
77.397  A(0.000 0.100 0.060 -1)  D(0 0.129 1 )
77.457  A(0.223 0.100 0.060 1 )  D(0 0.231 -1)
77.517  A(0.349 0.100 0.060 0 )
77.577  A(0.824 0.100 0.060 0 )
77.637  A(0.653 0.100 0.060 0 )
77.688  A(1.000 0.100 0.060 -1)  D(1 0.212 1 )
77.748  A(0.058 0.100 0.060 1 )  D(0 0.276 -1)
77.808  A(0.367 0.100 0.060 1 )  D(0 0.196 -1)
77.868  A(0.143 0.100 0.060 0 )
77.928  A(0.471 0.100 0.060 0 )
77.988  A(0.069 0.100 0.060 1 )  D(0 0.139 -1)
78.048  A(0.807 0.100 0.060 1 )  D(0 0.241 -1)
78.108  A(0.610 0.100 0.060 0 )
78.168  A(0.989 0.100 0.060 0 )
78.228  A(0.774 0.100 0.060 0 )
78.288  A(0.859 0.100 0.060 0 )
78.289  A(1.000 0.100 0.060 -1)  D(1 0.227 1 )
78.349  A(0.846 0.100 0.060 0 )
78.409  A(0.466 0.100 0.060 0 )
78.469  A(0.875 0.100 0.060 0 )
78.516  A(0.000 0.100 0.060 -1)  D(0 0.279 1 )
78.576  A(0.957 0.100 0.060 1 )  D(0 0.257 -1)
78.636  A(0.257 0.100 0.060 0 )
78.696  A(0.242 0.100 0.060 0 )
78.756  A(0.595 0.100 0.060 0 )
78.816  A(0.593 0.100 0.060 0 )
78.833  A(1.000 0.100 0.060 -1)  D(1 0.284 1 )
78.893  A(0.024 0.100 0.060 1 )  D(0 0.188 -1)
78.953  A(0.319 0.100 0.060 1 )  D(0 0.269 -1)
79.013  A(0.752 0.100 0.060 0 )
79.073  A(0.758 0.100 0.060 0 )
79.133  A(0.871 0.100 0.060 0 )
79.193  A(0.436 0.100 0.060 0 )
79.222  A(1.000 0.100 0.060 -1)  D(1 0.208 1 )
79.282  A(0.806 0.100 0.060 0 )
79.342  A(0.191 0.100 0.060 0 )
79.402  A(0.917 0.100 0.060 0 )
79.430  A(0.000 0.100 0.060 -1)  D(0 0.197 1 )
79.490  A(0.169 0.100 0.060 1 )  D(0 0.247 -1)
79.550  A(0.048 0.100 0.060 1 )  D(0 0.243 -1)
79.610  A(0.106 0.100 0.060 1 )  D(0 0.231 -1)
79.670  A(0.572 0.100 0.060 0 )
79.730  A(0.795 0.100 0.060 0 )
79.790  A(0.033 0.100 0.060 1 )  D(0 0.198 -1)
79.850  A(0.423 0.100 0.060 1 )  D(0 0.130 -1)
79.910  A(0.307 0.100 0.060 0 )
79.970  A(0.016 0.100 0.060 1 )  D(0 0.290 -1)
80.030  A(0.696 0.100 0.060 1 )  D(0 0.281 -1)
80.090  A(0.999 0.100 0.060 0 )
80.150  A(0.008 0.100 0.060 1 )  D(0 0.190 -1)
80.210  A(0.855 0.100 0.060 1 )  D(0 0.281 -1)
80.270  A(0.198 0.100 0.060 0 )
80.330  A(0.576 0.100 0.060 0 )
80.390  A(0.867 0.100 0.060 0 )
80.450  A(0.622 0.100 0.060 0 )
80.491  A(1.000 0.100 0.060 -1)  D(1 0.181 1 )
80.551  A(0.584 0.100 0.060 0 )
80.611  A(0.643 0.100 0.060 0 )
80.671  A(0.077 0.100 0.060 1 )  D(0 0.274 -1)
80.731  A(0.477 0.100 0.060 1 )  D(0 0.271 -1)
80.791  A(0.189 0.100 0.060 0 )
80.851  A(0.466 0.100 0.060 0 )
80.911  A(0.343 0.100 0.060 0 )
80.971  A(0.872 0.100 0.060 0 )
81.002  A(1.000 0.100 0.060 -1)  D(1 0.103 1 )
81.062  A(0.723 0.100 0.060 0 )
81.105  A(0.000 0.100 0.060 -1)  D(0 0.154 1 )
81.165  A(0.431 0.100 0.060 1 )  D(0 0.285 -1)
81.225  A(0.366 0.100 0.060 0 )
81.285  A(0.485 0.100 0.060 0 )
81.345  A(0.244 0.100 0.060 0 )
81.405  A(0.213 0.100 0.060 0 )
81.450  A(1.000 0.100 0.060 -1)  D(1 0.152 1 )
81.510  A(0.137 0.100 0.060 0 )
81.570  A(0.551 0.100 0.060 0 )
81.602  A(0.000 0.100 0.060 -1)  D(0 0.255 1 )
81.662  A(0.824 0.100 0.060 1 )  D(0 0.235 -1)
81.722  A(0.069 0.100 0.060 1 )  D(0 0.261 -1)
81.782  A(0.801 0.100 0.060 1 )  D(0 0.236 -1)
81.842  A(0.964 0.100 0.060 0 )
81.902  A(0.781 0.100 0.060 0 )
81.962  A(0.685 0.100 0.060 0 )
82.018  A(1.000 0.100 0.060 -1)  D(1 0.207 1 )
82.078  A(0.972 0.100 0.060 0 )
82.138  A(0.470 0.100 0.060 0 )
82.198  A(0.040 0.100 0.060 1 )  D(0 0.170 -1)
82.258  A(0.061 0.100 0.060 0 )
82.318  A(0.456 0.100 0.060 1 )  D(0 0.158 -1)
82.378  A(0.518 0.100 0.060 0 )
82.438  A(0.254 0.100 0.060 0 )
82.476  A(1.000 0.100 0.060 -1)  D(1 0.113 1 )
82.536  A(0.669 0.100 0.060 0 )
82.589  A(0.000 0.100 0.060 -1)  D(0 0.211 1 )
82.649  A(0.872 0.100 0.060 1 )  D(0 0.165 -1)
82.709  A(0.866 0.100 0.060 0 )
82.769  A(0.107 0.100 0.060 0 )
82.814  A(1.000 0.100 0.060 -1)  D(1 0.229 1 )
82.874  A(0.220 0.100 0.060 0 )
82.934  A(0.367 0.100 0.060 0 )
82.994  A(0.304 0.100 0.060 0 )
83.043  A(0.000 0.100 0.060 -1)  D(0 0.120 1 )
83.103  A(0.535 0.100 0.060 1 )  D(0 0.241 -1)
83.163  A(0.247 0.100 0.060 0 )
83.223  A(0.508 0.100 0.060 0 )
83.283  A(0.058 0.100 0.060 1 )  D(0 0.288 -1)
83.343  A(0.192 0.100 0.060 1 )  D(0 0.271 -1)
83.403  A(0.838 0.100 0.060 0 )
83.463  A(0.768 0.100 0.060 0 )
83.523  A(0.448 0.100 0.060 0 )
83.583  A(0.301 0.100 0.060 0 )
83.614  A(1.000 0.100 0.060 -1)  D(1 0.106 1 )
83.674  A(0.499 0.100 0.060 0 )
83.720  A(0.000 0.100 0.060 -1)  D(0 0.106 1 )
83.780  A(0.656 0.100 0.060 1 )  D(0 0.236 -1)
83.840  A(0.457 0.100 0.060 0 )
83.900  A(0.419 0.100 0.060 0 )
83.960  A(0.668 0.100 0.060 0 )
84.016  A(1.000 0.100 0.060 -1)  D(1 0.277 1 )
84.076  A(0.750 0.100 0.060 0 )
84.136  A(0.281 0.100 0.060 0 )
84.196  A(0.877 0.100 0.060 0 )
84.256  A(0.489 0.100 0.060 0 )
84.293  A(0.000 0.100 0.060 -1)  D(0 0.222 1 )
84.353  A(0.157 0.100 0.060 1 )  D(0 0.114 -1)
84.413  A(0.547 0.100 0.060 0 )
84.467  A(1.000 0.100 0.060 -1)  D(1 0.196 1 )
84.527  A(0.107 0.100 0.060 0 )
84.587  A(0.894 0.100 0.060 0 )
84.647  A(0.842 0.100 0.060 0 )
84.663  A(0.000 0.100 0.060 -1)  D(0 0.254 1 )
84.723  A(0.420 0.100 0.060 1 )  D(0 0.114 -1)
84.783  A(0.197 0.100 0.060 0 )
84.837  A(1.000 0.100 0.060 -1)  D(1 0.258 1 )
84.897  A(0.263 0.100 0.060 0 )
84.957  A(0.143 0.100 0.060 0 )
85.017  A(0.818 0.100 0.060 0 )
85.077  A(0.020 0.100 0.060 1 )  D(0 0.122 -1)
85.137  A(0.316 0.100 0.060 1 )  D(0 0.271 -1)
85.197  A(0.259 0.100 0.060 0 )
85.257  A(0.814 0.100 0.060 0 )
85.317  A(0.098 0.100 0.060 1 )  D(0 0.159 -1)
85.377  A(0.811 0.100 0.060 1 )  D(0 0.278 -1)
85.437  A(0.783 0.100 0.060 0 )
85.497  A(0.856 0.100 0.060 0 )
85.557  A(0.728 0.100 0.060 0 )
85.617  A(0.731 0.100 0.060 0 )
85.655  A(1.000 0.100 0.060 -1)  D(1 0.173 1 )
85.715  A(0.159 0.100 0.060 0 )
85.775  A(0.608 0.100 0.060 0 )
85.828  A(0.000 0.100 0.060 -1)  D(0 0.276 1 )
85.888  A(0.171 0.100 0.060 1 )  D(0 0.296 -1)
85.948  A(0.871 0.100 0.060 0 )
86.008  A(0.034 0.100 0.060 1 )  D(0 0.256 -1)
86.068  A(0.581 0.100 0.060 1 )  D(0 0.119 -1)
86.128  A(0.806 0.100 0.060 0 )
86.187  A(1.000 0.100 0.060 -1)  D(1 0.286 1 )
86.247  A(0.046 0.100 0.060 1 )  D(0 0.203 -1)
86.307  A(0.677 0.100 0.060 1 )  D(0 0.288 -1)
86.367  A(0.170 0.100 0.060 0 )
86.427  A(0.886 0.100 0.060 0 )
86.487  A(0.327 0.100 0.060 0 )
86.547  A(0.869 0.100 0.060 0 )
86.595  A(1.000 0.100 0.060 -1)  D(1 0.297 1 )
86.655  A(0.234 0.100 0.060 0 )
86.715  A(0.355 0.100 0.060 0 )
86.775  A(0.164 0.100 0.060 0 )
86.835  A(0.345 0.100 0.060 0 )
86.892  A(0.000 0.100 0.060 -1)  D(0 0.297 1 )
86.952  A(0.673 0.100 0.060 1 )  D(0 0.104 -1)
87.012  A(0.143 0.100 0.060 0 )
87.056  A(1.000 0.100 0.060 -1)  D(1 0.197 1 )
87.116  A(0.944 0.100 0.060 0 )
87.176  A(0.342 0.100 0.060 0 )
87.236  A(0.218 0.100 0.060 0 )
87.253  A(0.000 0.100 0.060 -1)  D(0 0.280 1 )
87.313  A(0.553 0.100 0.060 1 )  D(0 0.159 -1)
87.373  A(0.615 0.100 0.060 0 )
87.433  A(0.953 0.100 0.060 0 )
87.472  A(1.000 0.100 0.060 -1)  D(1 0.154 1 )
87.532  A(0.034 0.100 0.060 1 )  D(0 0.178 -1)
87.592  A(0.722 0.100 0.060 1 )  D(0 0.228 -1)
87.652  A(0.563 0.100 0.060 0 )
87.712  A(0.684 0.100 0.060 0 )
87.772  A(0.891 0.100 0.060 0 )
87.820  A(1.000 0.100 0.060 -1)  D(1 0.194 1 )
87.880  A(0.810 0.100 0.060 0 )
87.940  A(0.917 0.100 0.060 0 )
88.000  A(0.379 0.100 0.060 0 )
88.014  A(0.000 0.100 0.060 -1)  D(0 0.193 1 )
88.074  A(0.564 0.100 0.060 1 )  D(0 0.141 -1)
88.134  A(0.021 0.100 0.060 1 )  D(0 0.269 -1)
88.194  A(0.861 0.100 0.060 1 )  D(0 0.216 -1)
88.254  A(0.781 0.100 0.060 0 )
88.314  A(0.834 0.100 0.060 0 )
88.374  A(0.146 0.100 0.060 0 )
88.410  A(1.000 0.100 0.060 -1)  D(1 0.145 1 )
88.470  A(0.913 0.100 0.060 0 )
88.530  A(0.137 0.100 0.060 0 )
88.555  A(0.000 0.100 0.060 -1)  D(0 0.133 1 )
88.615  A(0.853 0.100 0.060 1 )  D(0 0.103 -1)
88.675  A(0.694 0.100 0.060 0 )
88.718  A(1.000 0.100 0.060 -1)  D(1 0.208 1 )
88.778  A(0.149 0.100 0.060 0 )
88.838  A(0.372 0.100 0.060 0 )
88.898  A(0.370 0.100 0.060 0 )
88.926  A(0.000 0.100 0.060 -1)  D(0 0.264 1 )
88.986  A(0.607 0.100 0.060 1 )  D(0 0.168 -1)
89.046  A(0.382 0.100 0.060 0 )
89.106  A(0.230 0.100 0.060 0 )
89.154  A(1.000 0.100 0.060 -1)  D(1 0.208 1 )
89.214  A(0.764 0.100 0.060 0 )
89.274  A(0.335 0.100 0.060 0 )
89.334  A(0.309 0.100 0.060 0 )
89.362  A(0.000 0.100 0.060 -1)  D(0 0.244 1 )
89.422  A(0.118 0.100 0.060 1 )  D(0 0.145 -1)
89.482  A(0.166 0.100 0.060 0 )
89.542  A(0.970 0.100 0.060 0 )
89.567  A(1.000 0.100 0.060 -1)  D(1 0.129 1 )
89.627  A(0.485 0.100 0.060 0 )
89.687  A(0.681 0.100 0.060 0 )
89.696  A(0.000 0.100 0.060 -1)  D(0 0.118 1 )
89.756  A(0.619 0.100 0.060 1 )  D(0 0.221 -1)
89.816  A(0.674 0.100 0.060 0 )
89.876  A(0.794 0.100 0.060 0 )
89.936  A(0.164 0.100 0.060 0 )
89.977  A(1.000 0.100 0.060 -1)  D(1 0.142 1 )
90.037  A(0.384 0.100 0.060 0 )
90.097  A(0.238 0.100 0.060 0 )
90.119  A(0.000 0.100 0.060 -1)  D(0 0.238 1 )
90.179  A(0.229 0.100 0.060 1 )  D(0 0.195 -1)
90.239  A(0.241 0.100 0.060 0 )
90.299  A(0.907 0.100 0.060 0 )
90.359  A(0.216 0.100 0.060 0 )
90.374  A(1.000 0.100 0.060 -1)  D(1 0.167 1 )
90.434  A(0.453 0.100 0.060 0 )
90.494  A(0.470 0.100 0.060 0 )
90.541  A(0.000 0.100 0.060 -1)  D(0 0.182 1 )
90.601  A(0.070 0.100 0.060 0 )
90.661  A(0.082 0.100 0.060 0 )
90.721  A(0.363 0.100 0.060 1 )  D(0 0.106 -1)
90.781  A(0.488 0.100 0.060 0 )
90.827  A(1.000 0.100 0.060 -1)  D(1 0.201 1 )
90.887  A(0.674 0.100 0.060 0 )
90.947  A(0.528 0.100 0.060 0 )
91.007  A(0.591 0.100 0.060 0 )
91.028  A(0.000 0.100 0.060 -1)  D(0 0.238 1 )
91.088  A(0.840 0.100 0.060 1 )  D(0 0.249 -1)
91.148  A(0.415 0.100 0.060 0 )
91.208  A(0.646 0.100 0.060 0 )
91.268  A(0.305 0.100 0.060 0 )
91.328  A(0.890 0.100 0.060 0 )
91.337  A(1.000 0.100 0.060 -1)  D(1 0.152 1 )
91.397  A(0.732 0.100 0.060 0 )
91.457  A(0.413 0.100 0.060 0 )
91.489  A(0.000 0.100 0.060 -1)  D(0 0.150 1 )
91.549  A(0.776 0.100 0.060 1 )  D(0 0.124 -1)
91.609  A(0.508 0.100 0.060 0 )
91.669  A(0.923 0.100 0.060 0 )
91.673  A(1.000 0.100 0.060 -1)  D(1 0.122 1 )
91.733  A(0.902 0.100 0.060 0 )
91.793  A(0.948 0.100 0.060 0 )
91.795  A(0.000 0.100 0.060 -1)  D(0 0.297 1 )
91.855  A(0.850 0.100 0.060 1 )  D(0 0.169 -1)
91.915  A(0.527 0.100 0.060 0 )
91.975  A(0.453 0.100 0.060 0 )
92.024  A(1.000 0.100 0.060 -1)  D(1 0.177 1 )
92.084  A(0.146 0.100 0.060 0 )
92.144  A(0.898 0.100 0.060 0 )
92.201  A(0.000 0.100 0.060 -1)  D(0 0.181 1 )
92.261  A(0.027 0.100 0.060 0 )
92.321  A(0.368 0.100 0.060 1 )  D(0 0.159 -1)
92.381  A(0.189 0.100 0.060 0 )
92.441  A(0.711 0.100 0.060 0 )
92.480  A(1.000 0.100 0.060 -1)  D(1 0.102 1 )
92.540  A(0.596 0.100 0.060 0 )
92.582  A(0.000 0.100 0.060 -1)  D(0 0.183 1 )
92.642  A(0.467 0.100 0.060 1 )  D(0 0.246 -1)
92.702  A(0.088 0.100 0.060 1 )  D(0 0.118 -1)
92.762  A(0.637 0.100 0.060 1 )  D(0 0.299 -1)
92.822  A(0.595 0.100 0.060 0 )
92.882  A(0.504 0.100 0.060 0 )
92.942  A(0.354 0.100 0.060 0 )
93.002  A(0.086 0.100 0.060 1 )  D(0 0.232 -1)
93.062  A(0.760 0.100 0.060 1 )  D(0 0.218 -1)
93.122  A(0.262 0.100 0.060 0 )
93.182  A(0.295 0.100 0.060 0 )
93.242  A(0.436 0.100 0.060 0 )
93.280  A(1.000 0.100 0.060 -1)  D(1 0.270 1 )
93.340  A(0.858 0.100 0.060 0 )
93.400  A(0.458 0.100 0.060 0 )
93.460  A(0.751 0.100 0.060 0 )
93.520  A(0.552 0.100 0.060 0 )
93.550  A(0.000 0.100 0.060 -1)  D(0 0.143 1 )
93.610  A(0.553 0.100 0.060 1 )  D(0 0.101 -1)
93.670  A(0.740 0.100 0.060 0 )
93.711  A(1.000 0.100 0.060 -1)  D(1 0.120 1 )
93.771  A(0.459 0.100 0.060 0 )
93.831  A(0.000 0.100 0.060 -1)  D(0 0.154 1 )
93.891  A(0.748 0.100 0.060 1 )  D(0 0.157 -1)
93.951  A(0.915 0.100 0.060 0 )
94.011  A(0.084 0.100 0.060 1 )  D(0 0.269 -1)
94.071  A(0.562 0.100 0.060 1 )  D(0 0.200 -1)
94.131  A(0.295 0.100 0.060 0 )
94.191  A(0.005 0.100 0.060 1 )  D(0 0.163 -1)
94.251  A(0.796 0.100 0.060 1 )  D(0 0.108 -1)
94.311  A(0.080 0.100 0.060 1 )  D(0 0.187 -1)
94.371  A(0.717 0.100 0.060 1 )  D(0 0.206 -1)
94.431  A(0.972 0.100 0.060 0 )
94.491  A(0.431 0.100 0.060 0 )
94.551  A(0.870 0.100 0.060 0 )
94.577  A(1.000 0.100 0.060 -1)  D(1 0.174 1 )
94.637  A(0.056 0.100 0.060 1 )  D(0 0.221 -1)
94.697  A(0.926 0.100 0.060 1 )  D(0 0.146 -1)
94.757  A(0.646 0.100 0.060 0 )
94.817  A(0.435 0.100 0.060 0 )
94.843  A(1.000 0.100 0.060 -1)  D(1 0.292 1 )
94.903  A(0.070 0.100 0.060 1 )  D(0 0.214 -1)
94.963  A(0.269 0.100 0.060 1 )  D(0 0.147 -1)
95.023  A(0.292 0.100 0.060 0 )
95.083  A(0.286 0.100 0.060 0 )
95.110  A(1.000 0.100 0.060 -1)  D(1 0.234 1 )
95.170  A(0.601 0.100 0.060 0 )
95.230  A(0.202 0.100 0.060 0 )
95.290  A(0.482 0.100 0.060 0 )
95.344  A(0.000 0.100 0.060 -1)  D(0 0.213 1 )
95.404  A(0.221 0.100 0.060 1 )  D(0 0.203 -1)
95.464  A(0.594 0.100 0.060 0 )
95.524  A(0.558 0.100 0.060 0 )
95.584  A(0.540 0.100 0.060 0 )
95.607  A(1.000 0.100 0.060 -1)  D(1 0.163 1 )
95.667  A(0.997 0.100 0.060 0 )
95.727  A(0.604 0.100 0.060 0 )
95.770  A(0.000 0.100 0.060 -1)  D(0 0.176 1 )
95.830  A(0.648 0.100 0.060 1 )  D(0 0.179 -1)
95.890  A(0.669 0.100 0.060 0 )
95.950  A(0.193 0.100 0.060 0 )
96.009  A(1.000 0.100 0.060 -1)  D(1 0.193 1 )
96.069  A(0.671 0.100 0.060 0 )
96.129  A(0.470 0.100 0.060 0 )
96.189  A(0.802 0.100 0.060 0 )
96.202  A(0.000 0.100 0.060 -1)  D(0 0.224 1 )
96.262  A(0.685 0.100 0.060 1 )  D(0 0.134 -1)
96.322  A(0.033 0.100 0.060 1 )  D(0 0.274 -1)
96.382  A(0.818 0.100 0.060 1 )  D(0 0.231 -1)
96.442  A(0.769 0.100 0.060 0 )
96.502  A(0.869 0.100 0.060 0 )
96.562  A(0.747 0.100 0.060 0 )
96.613  A(1.000 0.100 0.060 -1)  D(1 0.259 1 )
96.673  A(0.208 0.100 0.060 0 )
96.733  A(0.384 0.100 0.060 0 )
96.793  A(0.628 0.100 0.060 0 )
96.853  A(0.831 0.100 0.060 0 )
96.872  A(0.000 0.100 0.060 -1)  D(0 0.111 1 )
96.932  A(0.844 0.100 0.060 1 )  D(0 0.181 -1)
96.992  A(0.421 0.100 0.060 0 )
97.052  A(0.502 0.100 0.060 0 )
97.112  A(0.162 0.100 0.060 0 )
97.113  A(1.000 0.100 0.060 -1)  D(1 0.180 1 )
97.173  A(0.633 0.100 0.060 0 )
97.233  A(0.083 0.100 0.060 1 )  D(0 0.128 -1)
97.293  A(0.681 0.100 0.060 1 )  D(0 0.158 -1)
97.353  A(0.665 0.100 0.060 0 )
97.413  A(0.800 0.100 0.060 0 )
97.451  A(1.000 0.100 0.060 -1)  D(1 0.292 1 )
97.511  A(0.029 0.100 0.060 1 )  D(0 0.298 -1)
97.571  A(0.369 0.100 0.060 1 )  D(0 0.129 -1)
97.631  A(0.573 0.100 0.060 0 )
97.691  A(0.854 0.100 0.060 0 )
97.700  A(1.000 0.100 0.060 -1)  D(1 0.170 1 )
97.760  A(0.628 0.100 0.060 0 )
97.820  A(0.326 0.100 0.060 0 )
97.870  A(0.000 0.100 0.060 -1)  D(0 0.126 1 )
97.930  A(0.838 0.100 0.060 1 )  D(0 0.295 -1)
97.990  A(0.353 0.100 0.060 0 )
98.050  A(0.919 0.100 0.060 0 )
98.110  A(0.517 0.100 0.060 0 )
98.170  A(0.899 0.100 0.060 0 )
98.225  A(1.000 0.100 0.060 -1)  D(1 0.207 1 )
98.285  A(0.927 0.100 0.060 0 )
98.345  A(0.923 0.100 0.060 0 )
98.405  A(0.875 0.100 0.060 0 )
98.432  A(0.000 0.100 0.060 -1)  D(0 0.280 1 )
98.492  A(0.679 0.100 0.060 1 )  D(0 0.111 -1)
98.552  A(0.941 0.100 0.060 0 )
98.603  A(1.000 0.100 0.060 -1)  D(1 0.163 1 )
98.663  A(0.565 0.100 0.060 0 )
98.723  A(0.187 0.100 0.060 0 )
98.766  A(0.000 0.100 0.060 -1)  D(0 0.145 1 )
98.826  A(0.264 0.100 0.060 1 )  D(0 0.115 -1)
98.886  A(0.814 0.100 0.060 0 )
98.941  A(1.000 0.100 0.060 -1)  D(1 0.103 1 )
99.001  A(0.081 0.100 0.060 1 )  D(0 0.147 -1)
99.061  A(0.741 0.100 0.060 1 )  D(0 0.288 -1)
99.121  A(0.268 0.100 0.060 0 )
99.181  A(0.136 0.100 0.060 0 )
99.241  A(0.570 0.100 0.060 0 )
99.301  A(0.140 0.100 0.060 0 )
99.349  A(1.000 0.100 0.060 -1)  D(1 0.261 1 )
99.409  A(0.162 0.100 0.060 0 )
99.469  A(0.105 0.100 0.060 0 )
99.529  A(0.621 0.100 0.060 0 )
99.589  A(0.261 0.100 0.060 0 )
99.610  A(0.000 0.100 0.060 -1)  D(0 0.279 1 )
99.670  A(0.243 0.100 0.060 1 )  D(0 0.278 -1)
99.730  A(0.959 0.100 0.060 0 )
99.790  A(0.331 0.100 0.060 0 )
99.850  A(0.900 0.100 0.060 0 )
99.910  A(0.323 0.100 0.060 0 )
99.948  A(1.000 0.100 0.060 -1)  D(1 0.157 1 )
100.000  FINISH
