0.000  A(0.774 0.200 0.080 0 )
0.080  A(0.306 0.200 0.080 0 )
0.160  A(0.801 0.200 0.080 0 )
0.240  A(0.668 0.200 0.080 0 )
0.320  A(0.070 0.200 0.080 1 )  D(0 0.297 -1)
0.400  A(0.599 0.200 0.080 1 )  D(0 0.143 -1)
0.480  A(0.943 0.200 0.080 0 )
0.543  A(1.000 0.200 0.080 -1)  D(1 0.255 1 )
0.623  A(0.001 0.200 0.080 1 )  D(0 0.189 -1)
0.703  A(0.852 0.200 0.080 1 )  D(0 0.105 -1)
0.783  A(0.181 0.200 0.080 1 )  D(0 0.271 -1)
0.863  A(0.186 0.200 0.080 0 )
0.943  A(0.377 0.200 0.080 1 )  D(0 0.271 -1)
1.023  A(0.170 0.200 0.080 1 )  D(0 0.252 -1)
1.103  A(0.494 0.200 0.080 1 )  D(0 0.103 -1)
1.183  A(0.875 0.200 0.080 0 )
1.206  A(1.000 0.200 0.080 -1)  D(1 0.220 1 )
1.286  A(0.301 0.200 0.080 0 )
1.366  A(0.618 0.200 0.080 0 )
1.426  A(0.000 0.200 0.080 -1)  D(0 0.201 1 )
1.506  A(0.582 0.200 0.080 1 )  D(0 0.117 -1)
1.586  A(0.198 0.200 0.080 1 )  D(0 0.222 -1)
1.666  A(0.237 0.200 0.080 1 )  D(0 0.149 -1)
1.746  A(0.976 0.200 0.080 0 )
1.815  A(1.000 0.200 0.080 -1)  D(1 0.130 1 )
1.895  A(0.488 0.200 0.080 0 )
1.945  A(0.000 0.200 0.080 -1)  D(0 0.135 1 )
2.025  A(0.302 0.200 0.080 1 )  D(0 0.118 -1)
2.105  A(0.635 0.200 0.080 0 )
2.143  A(1.000 0.200 0.080 -1)  D(1 0.296 1 )
2.223  A(0.985 0.200 0.080 0 )
2.303  A(0.624 0.200 0.080 0 )
2.383  A(0.475 0.200 0.080 0 )
2.439  A(0.000 0.200 0.080 -1)  D(0 0.173 1 )
2.519  A(0.306 0.200 0.080 1 )  D(0 0.141 -1)
2.599  A(0.739 0.200 0.080 0 )
2.660  A(1.000 0.200 0.080 -1)  D(1 0.178 1 )
2.740  A(0.260 0.200 0.080 0 )
2.820  A(0.990 0.200 0.080 0 )
2.838  A(0.000 0.200 0.080 -1)  D(0 0.135 1 )
2.918  A(0.597 0.200 0.080 1 )  D(0 0.175 -1)
2.998  A(0.293 0.200 0.080 0 )
3.078  A(0.467 0.200 0.080 0 )
3.093  A(1.000 0.200 0.080 -1)  D(1 0.123 1 )
3.173  A(0.215 0.200 0.080 0 )
3.216  A(0.000 0.200 0.080 -1)  D(0 0.173 1 )
3.296  A(0.344 0.200 0.080 1 )  D(0 0.137 -1)
3.376  A(0.937 0.200 0.080 0 )
3.433  A(1.000 0.200 0.080 -1)  D(1 0.171 1 )
3.513  A(0.264 0.200 0.080 0 )
3.593  A(0.849 0.200 0.080 0 )
3.604  A(0.000 0.200 0.080 -1)  D(0 0.199 1 )
3.684  A(0.193 0.200 0.080 0 )
3.764  A(0.940 0.200 0.080 1 )  D(0 0.195 -1)
3.844  A(0.288 0.200 0.080 0 )
3.924  A(0.554 0.200 0.080 0 )
3.959  A(1.000 0.200 0.080 -1)  D(1 0.235 1 )
4.039  A(0.985 0.200 0.080 0 )
4.119  A(0.012 0.200 0.080 1 )  D(0 0.295 -1)
4.199  A(0.744 0.200 0.080 1 )  D(0 0.143 -1)
4.279  A(0.682 0.200 0.080 0 )
4.342  A(1.000 0.200 0.080 -1)  D(1 0.217 1 )
4.422  A(0.626 0.200 0.080 0 )
4.502  A(0.180 0.200 0.080 1 )  D(0 0.237 -1)
4.582  A(0.418 0.200 0.080 1 )  D(0 0.243 -1)
4.662  A(0.287 0.200 0.080 0 )
4.742  A(0.065 0.200 0.080 1 )  D(0 0.175 -1)
4.822  A(0.346 0.200 0.080 1 )  D(0 0.288 -1)
4.902  A(0.833 0.200 0.080 0 )
4.982  A(0.778 0.200 0.080 0 )
5.062  A(0.524 0.200 0.080 0 )
5.110  A(1.000 0.200 0.080 -1)  D(1 0.151 1 )
5.190  A(0.238 0.200 0.080 0 )
5.261  A(0.000 0.200 0.080 -1)  D(0 0.175 1 )
5.341  A(0.084 0.200 0.080 0 )
5.421  A(0.987 0.200 0.080 1 )  D(0 0.219 -1)
5.501  A(0.889 0.200 0.080 0 )
5.581  A(0.108 0.200 0.080 1 )  D(0 0.166 -1)
5.661  A(0.915 0.200 0.080 1 )  D(0 0.285 -1)
5.741  A(0.985 0.200 0.080 0 )
5.821  A(0.136 0.200 0.080 1 )  D(0 0.288 -1)
5.901  A(0.798 0.200 0.080 1 )  D(0 0.268 -1)
5.981  A(0.591 0.200 0.080 0 )
6.061  A(0.879 0.200 0.080 0 )
6.141  A(0.104 0.200 0.080 1 )  D(0 0.113 -1)
6.221  A(0.251 0.200 0.080 1 )  D(0 0.137 -1)
6.301  A(0.977 0.200 0.080 0 )
6.358  A(1.000 0.200 0.080 -1)  D(1 0.109 1 )
6.438  A(0.795 0.200 0.080 0 )
6.467  A(0.000 0.200 0.080 -1)  D(0 0.285 1 )
6.547  A(0.562 0.200 0.080 1 )  D(0 0.138 -1)
6.627  A(0.711 0.200 0.080 0 )
6.685  A(1.000 0.200 0.080 -1)  D(1 0.110 1 )
6.765  A(0.475 0.200 0.080 0 )
6.795  A(0.000 0.200 0.080 -1)  D(0 0.245 1 )
6.875  A(0.872 0.200 0.080 1 )  D(0 0.257 -1)
6.955  A(0.441 0.200 0.080 0 )
7.035  A(0.099 0.200 0.080 1 )  D(0 0.102 -1)
7.115  A(0.858 0.200 0.080 1 )  D(0 0.257 -1)
7.195  A(0.947 0.200 0.080 0 )
7.275  A(0.496 0.200 0.080 0 )
7.355  A(0.691 0.200 0.080 0 )
7.372  A(1.000 0.200 0.080 -1)  D(1 0.270 1 )
7.452  A(0.790 0.200 0.080 0 )
7.532  A(0.500 0.200 0.080 0 )
7.612  A(0.478 0.200 0.080 0 )
7.642  A(0.000 0.200 0.080 -1)  D(0 0.128 1 )
7.722  A(0.517 0.200 0.080 1 )  D(0 0.261 -1)
7.802  A(0.818 0.200 0.080 0 )
7.882  A(0.882 0.200 0.080 0 )
7.962  A(0.024 0.200 0.080 1 )  D(0 0.290 -1)
8.042  A(0.632 0.200 0.080 1 )  D(0 0.247 -1)
8.122  A(0.847 0.200 0.080 0 )
8.202  A(0.618 0.200 0.080 0 )
8.282  A(0.176 0.200 0.080 1 )  D(0 0.277 -1)
8.362  A(0.177 0.200 0.080 0 )
8.442  A(0.468 0.200 0.080 1 )  D(0 0.200 -1)
8.522  A(0.965 0.200 0.080 0 )
8.602  A(0.265 0.200 0.080 0 )
8.642  A(1.000 0.200 0.080 -1)  D(1 0.245 1 )
8.722  A(0.003 0.200 0.080 1 )  D(0 0.206 -1)
8.802  A(0.653 0.200 0.080 1 )  D(0 0.208 -1)
8.882  A(0.364 0.200 0.080 0 )
8.962  A(0.471 0.200 0.080 0 )
9.010  A(1.000 0.200 0.080 -1)  D(1 0.251 1 )
9.090  A(0.096 0.200 0.080 1 )  D(0 0.166 -1)
9.170  A(0.761 0.200 0.080 1 )  D(0 0.130 -1)
9.250  A(0.474 0.200 0.080 0 )
9.300  A(1.000 0.200 0.080 -1)  D(1 0.182 1 )
9.380  A(0.479 0.200 0.080 0 )
9.460  A(0.555 0.200 0.080 0 )
9.482  A(0.000 0.200 0.080 -1)  D(0 0.216 1 )
9.562  A(0.682 0.200 0.080 1 )  D(0 0.223 -1)
9.642  A(0.633 0.200 0.080 0 )
9.722  A(0.296 0.200 0.080 0 )
9.785  A(1.000 0.200 0.080 -1)  D(1 0.102 1 )
9.865  A(0.268 0.200 0.080 0 )
9.887  A(0.000 0.200 0.080 -1)  D(0 0.230 1 )
9.967  A(0.321 0.200 0.080 1 )  D(0 0.104 -1)
10.047  A(0.986 0.200 0.080 0 )
10.071  A(1.000 0.200 0.080 -1)  D(1 0.198 1 )
10.151  A(0.244 0.200 0.080 0 )
10.231  A(0.627 0.200 0.080 0 )
10.269  A(0.000 0.200 0.080 -1)  D(0 0.188 1 )
10.349  A(0.268 0.200 0.080 1 )  D(0 0.133 -1)
10.429  A(0.510 0.200 0.080 0 )
10.482  A(1.000 0.200 0.080 -1)  D(1 0.244 1 )
10.562  A(0.045 0.200 0.080 1 )  D(0 0.250 -1)
10.642  A(0.719 0.200 0.080 1 )  D(0 0.139 -1)
10.722  A(0.815 0.200 0.080 0 )
10.781  A(1.000 0.200 0.080 -1)  D(1 0.274 1 )
10.861  A(0.419 0.200 0.080 0 )
10.941  A(0.280 0.200 0.080 0 )
11.021  A(0.979 0.200 0.080 0 )
11.055  A(0.000 0.200 0.080 -1)  D(0 0.238 1 )
11.135  A(0.002 0.200 0.080 0 )
11.215  A(0.412 0.200 0.080 1 )  D(0 0.197 -1)
11.295  A(0.933 0.200 0.080 0 )
11.375  A(0.154 0.200 0.080 1 )  D(0 0.142 -1)
11.455  A(0.330 0.200 0.080 1 )  D(0 0.160 -1)
11.535  A(0.713 0.200 0.080 0 )
11.615  A(1.000 0.200 0.080 -1)  D(1 0.199 1 )
11.695  A(0.896 0.200 0.080 0 )
11.775  A(0.164 0.200 0.080 1 )  D(0 0.293 -1)
11.855  A(0.928 0.200 0.080 1 )  D(0 0.169 -1)
11.935  A(0.168 0.200 0.080 1 )  D(0 0.151 -1)
12.015  A(0.043 0.200 0.080 0 )
12.086  A(1.000 0.200 0.080 -1)  D(1 0.181 1 )
12.166  A(0.314 0.200 0.080 0 )
12.246  A(0.747 0.200 0.080 0 )
12.267  A(0.000 0.200 0.080 -1)  D(0 0.195 1 )
12.347  A(0.302 0.200 0.080 1 )  D(0 0.145 -1)
12.427  A(0.760 0.200 0.080 0 )
12.492  A(1.000 0.200 0.080 -1)  D(1 0.210 1 )
12.572  A(0.452 0.200 0.080 0 )
12.652  A(0.378 0.200 0.080 0 )
12.702  A(0.000 0.200 0.080 -1)  D(0 0.110 1 )
12.782  A(0.524 0.200 0.080 1 )  D(0 0.155 -1)
12.862  A(0.041 0.200 0.080 1 )  D(0 0.187 -1)
12.942  A(0.755 0.200 0.080 1 )  D(0 0.168 -1)
13.022  A(0.446 0.200 0.080 0 )
13.102  A(0.529 0.200 0.080 0 )
13.110  A(1.000 0.200 0.080 -1)  D(1 0.218 1 )
13.190  A(0.418 0.200 0.080 0 )
13.270  A(0.110 0.200 0.080 1 )  D(0 0.251 -1)
13.350  A(0.648 0.200 0.080 1 )  D(0 0.287 -1)
13.430  A(0.608 0.200 0.080 0 )
13.510  A(0.801 0.200 0.080 0 )
13.590  A(0.019 0.200 0.080 1 )  D(0 0.289 -1)
13.670  A(0.845 0.200 0.080 1 )  D(0 0.167 -1)
13.750  A(0.869 0.200 0.080 0 )
13.830  A(0.312 0.200 0.080 0 )
13.837  A(1.000 0.200 0.080 -1)  D(1 0.173 1 )
13.917  A(0.147 0.200 0.080 1 )  D(0 0.174 -1)
13.997  A(0.242 0.200 0.080 1 )  D(0 0.297 -1)
14.077  A(0.027 0.200 0.080 1 )  D(0 0.166 -1)
14.157  A(0.559 0.200 0.080 1 )  D(0 0.171 -1)
14.237  A(0.970 0.200 0.080 0 )
14.317  A(0.142 0.200 0.080 1 )  D(0 0.143 -1)
14.397  A(0.854 0.200 0.080 1 )  D(0 0.283 -1)
14.477  A(0.117 0.200 0.080 1 )  D(0 0.253 -1)
14.557  A(0.243 0.200 0.080 1 )  D(0 0.260 -1)
14.637  A(0.370 0.200 0.080 0 )
14.717  A(0.155 0.200 0.080 1 )  D(0 0.151 -1)
14.797  A(0.282 0.200 0.080 1 )  D(0 0.143 -1)
14.877  A(0.266 0.200 0.080 0 )
14.940  A(1.000 0.200 0.080 -1)  D(1 0.185 1 )
15.020  A(0.927 0.200 0.080 0 )
15.100  A(0.143 0.200 0.080 1 )  D(0 0.154 -1)
15.180  A(0.959 0.200 0.080 1 )  D(0 0.257 -1)
15.260  A(0.078 0.200 0.080 1 )  D(0 0.204 -1)
15.340  A(0.278 0.200 0.080 1 )  D(0 0.125 -1)
15.420  A(0.278 0.200 0.080 0 )
15.465  A(1.000 0.200 0.080 -1)  D(1 0.147 1 )
15.545  A(0.659 0.200 0.080 0 )
15.612  A(0.000 0.200 0.080 -1)  D(0 0.206 1 )
15.692  A(0.559 0.200 0.080 1 )  D(0 0.173 -1)
15.772  A(0.444 0.200 0.080 0 )
15.852  A(0.745 0.200 0.080 0 )
15.865  A(1.000 0.200 0.080 -1)  D(1 0.184 1 )
15.945  A(0.644 0.200 0.080 0 )
16.025  A(0.078 0.200 0.080 1 )  D(0 0.161 -1)
16.105  A(0.441 0.200 0.080 1 )  D(0 0.236 -1)
16.185  A(0.891 0.200 0.080 0 )
16.265  A(0.334 0.200 0.080 0 )
16.341  A(1.000 0.200 0.080 -1)  D(1 0.117 1 )
16.421  A(0.898 0.200 0.080 0 )
16.458  A(0.000 0.200 0.080 -1)  D(0 0.162 1 )
16.538  A(0.201 0.200 0.080 1 )  D(0 0.232 -1)
16.618  A(0.096 0.200 0.080 1 )  D(0 0.298 -1)
16.698  A(0.052 0.200 0.080 0 )
16.778  A(0.949 0.200 0.080 1 )  D(0 0.297 -1)
16.858  A(0.327 0.200 0.080 0 )
16.938  A(0.559 0.200 0.080 0 )
17.018  A(0.387 0.200 0.080 0 )
17.075  A(1.000 0.200 0.080 -1)  D(1 0.146 1 )
17.155  A(0.984 0.200 0.080 0 )
17.221  A(0.000 0.200 0.080 -1)  D(0 0.269 1 )
17.301  A(0.753 0.200 0.080 1 )  D(0 0.255 -1)
17.381  A(0.579 0.200 0.080 0 )
17.461  A(0.579 0.200 0.080 0 )
17.541  A(0.037 0.200 0.080 1 )  D(0 0.107 -1)
17.621  A(0.372 0.200 0.080 1 )  D(0 0.229 -1)
17.701  A(0.503 0.200 0.080 0 )
17.781  A(0.244 0.200 0.080 0 )
17.850  A(1.000 0.200 0.080 -1)  D(1 0.199 1 )
17.930  A(0.459 0.200 0.080 0 )
18.010  A(0.544 0.200 0.080 0 )
18.049  A(0.000 0.200 0.080 -1)  D(0 0.172 1 )
18.129  A(0.795 0.200 0.080 1 )  D(0 0.165 -1)
18.209  A(0.811 0.200 0.080 0 )
18.289  A(0.959 0.200 0.080 0 )
18.294  A(1.000 0.200 0.080 -1)  D(1 0.139 1 )
18.374  A(0.182 0.200 0.080 1 )  D(0 0.107 -1)
18.454  A(0.789 0.200 0.080 1 )  D(0 0.250 -1)
18.534  A(0.710 0.200 0.080 0 )
18.614  A(0.959 0.200 0.080 0 )
18.694  A(0.307 0.200 0.080 0 )
18.704  A(1.000 0.200 0.080 -1)  D(1 0.175 1 )
18.784  A(0.351 0.200 0.080 0 )
18.864  A(0.673 0.200 0.080 0 )
18.879  A(0.000 0.200 0.080 -1)  D(0 0.129 1 )
18.959  A(0.731 0.200 0.080 1 )  D(0 0.199 -1)
19.039  A(0.621 0.200 0.080 0 )
19.119  A(0.729 0.200 0.080 0 )
19.158  A(1.000 0.200 0.080 -1)  D(1 0.106 1 )
19.238  A(0.318 0.200 0.080 0 )
19.264  A(0.000 0.200 0.080 -1)  D(0 0.119 1 )
19.344  A(0.010 0.200 0.080 0 )
19.383  A(1.000 0.200 0.080 -1)  D(1 0.159 1 )
19.463  A(0.991 0.200 0.080 0 )
19.542  A(0.000 0.200 0.080 -1)  D(0 0.168 1 )
19.622  A(0.124 0.200 0.080 0 )
19.702  A(0.835 0.200 0.080 1 )  D(0 0.289 -1)
19.782  A(0.604 0.200 0.080 0 )
19.862  A(0.166 0.200 0.080 1 )  D(0 0.244 -1)
19.942  A(0.245 0.200 0.080 1 )  D(0 0.144 -1)
20.022  A(0.441 0.200 0.080 0 )
20.086  A(1.000 0.200 0.080 -1)  D(1 0.219 1 )
20.166  A(0.052 0.200 0.080 1 )  D(0 0.208 -1)
20.246  A(0.739 0.200 0.080 1 )  D(0 0.120 -1)
20.326  A(0.297 0.200 0.080 0 )
20.366  A(1.000 0.200 0.080 -1)  D(1 0.146 1 )
20.446  A(0.231 0.200 0.080 0 )
20.512  A(0.000 0.200 0.080 -1)  D(0 0.268 1 )
20.592  A(0.405 0.200 0.080 1 )  D(0 0.243 -1)
20.672  A(0.492 0.200 0.080 0 )
20.752  A(0.032 0.200 0.080 1 )  D(0 0.150 -1)
20.832  A(0.679 0.200 0.080 1 )  D(0 0.234 -1)
20.912  A(0.099 0.200 0.080 1 )  D(0 0.231 -1)
20.992  A(0.876 0.200 0.080 1 )  D(0 0.111 -1)
21.072  A(0.932 0.200 0.080 0 )
21.103  A(1.000 0.200 0.080 -1)  D(1 0.275 1 )
21.183  A(0.097 0.200 0.080 1 )  D(0 0.216 -1)
21.263  A(0.092 0.200 0.080 0 )
21.343  A(0.651 0.200 0.080 1 )  D(0 0.199 -1)
21.423  A(0.395 0.200 0.080 0 )
21.503  A(0.574 0.200 0.080 0 )
21.542  A(1.000 0.200 0.080 -1)  D(1 0.131 1 )
21.622  A(0.241 0.200 0.080 0 )
21.673  A(0.000 0.200 0.080 -1)  D(0 0.230 1 )
21.753  A(0.280 0.200 0.080 1 )  D(0 0.292 -1)
21.833  A(0.781 0.200 0.080 0 )
21.913  A(0.504 0.200 0.080 0 )
21.993  A(0.673 0.200 0.080 0 )
22.045  A(1.000 0.200 0.080 -1)  D(1 0.253 1 )
22.125  A(0.577 0.200 0.080 0 )
22.205  A(0.096 0.200 0.080 1 )  D(0 0.270 -1)
22.285  A(0.543 0.200 0.080 1 )  D(0 0.269 -1)
22.365  A(0.514 0.200 0.080 0 )
22.445  A(0.647 0.200 0.080 0 )
22.525  A(0.308 0.200 0.080 0 )
22.554  A(1.000 0.200 0.080 -1)  D(1 0.144 1 )
22.634  A(0.653 0.200 0.080 0 )
22.698  A(0.000 0.200 0.080 -1)  D(0 0.273 1 )
22.778  A(0.986 0.200 0.080 1 )  D(0 0.181 -1)
22.858  A(0.183 0.200 0.080 1 )  D(0 0.229 -1)
22.938  A(0.439 0.200 0.080 1 )  D(0 0.182 -1)
23.018  A(0.730 0.200 0.080 0 )
23.098  A(0.987 0.200 0.080 0 )
23.120  A(1.000 0.200 0.080 -1)  D(1 0.299 1 )
23.200  A(0.885 0.200 0.080 0 )
23.280  A(0.385 0.200 0.080 0 )
23.360  A(0.995 0.200 0.080 0 )
23.419  A(0.000 0.200 0.080 -1)  D(0 0.256 1 )
23.499  A(0.807 0.200 0.080 1 )  D(0 0.115 -1)
23.579  A(0.748 0.200 0.080 0 )
23.614  A(1.000 0.200 0.080 -1)  D(1 0.257 1 )
23.694  A(0.074 0.200 0.080 1 )  D(0 0.203 -1)
23.774  A(0.995 0.200 0.080 1 )  D(0 0.274 -1)
23.854  A(0.839 0.200 0.080 0 )
23.934  A(0.221 0.200 0.080 0 )
24.014  A(0.112 0.200 0.080 1 )  D(0 0.243 -1)
24.094  A(0.498 0.200 0.080 1 )  D(0 0.217 -1)
24.174  A(0.077 0.200 0.080 1 )  D(0 0.255 -1)
24.254  A(0.998 0.200 0.080 1 )  D(0 0.119 -1)
24.334  A(0.399 0.200 0.080 0 )
24.373  A(1.000 0.200 0.080 -1)  D(1 0.137 1 )
24.453  A(0.146 0.200 0.080 1 )  D(0 0.137 -1)
24.533  A(0.309 0.200 0.080 1 )  D(0 0.199 -1)
24.613  A(0.140 0.200 0.080 1 )  D(0 0.107 -1)
24.693  A(0.699 0.200 0.080 1 )  D(0 0.239 -1)
24.773  A(0.540 0.200 0.080 0 )
24.853  A(0.514 0.200 0.080 0 )
24.932  A(1.000 0.200 0.080 -1)  D(1 0.218 1 )
25.012  A(0.994 0.200 0.080 0 )
25.092  A(0.743 0.200 0.080 0 )
25.150  A(0.000 0.200 0.080 -1)  D(0 0.240 1 )
25.230  A(0.205 0.200 0.080 1 )  D(0 0.258 -1)
25.310  A(0.031 0.200 0.080 1 )  D(0 0.177 -1)
25.390  A(0.240 0.200 0.080 1 )  D(0 0.177 -1)
25.470  A(0.638 0.200 0.080 0 )
25.550  A(0.862 0.200 0.080 0 )
25.567  A(1.000 0.200 0.080 -1)  D(1 0.253 1 )
25.647  A(0.904 0.200 0.080 0 )
25.727  A(0.679 0.200 0.080 0 )
25.807  A(0.610 0.200 0.080 0 )
25.820  A(0.000 0.200 0.080 -1)  D(0 0.271 1 )
25.900  A(0.909 0.200 0.080 1 )  D(0 0.123 -1)
25.980  A(0.769 0.200 0.080 0 )
26.023  A(1.000 0.200 0.080 -1)  D(1 0.200 1 )
26.103  A(0.391 0.200 0.080 0 )
26.183  A(0.310 0.200 0.080 0 )
26.223  A(0.000 0.200 0.080 -1)  D(0 0.262 1 )
26.303  A(0.693 0.200 0.080 1 )  D(0 0.230 -1)
26.383  A(0.741 0.200 0.080 0 )
26.463  A(0.472 0.200 0.080 0 )
26.533  A(1.000 0.200 0.080 -1)  D(1 0.163 1 )
26.613  A(0.951 0.200 0.080 0 )
26.693  A(0.856 0.200 0.080 0 )
26.696  A(0.000 0.200 0.080 -1)  D(0 0.166 1 )
26.776  A(0.989 0.200 0.080 1 )  D(0 0.224 -1)
26.856  A(0.083 0.200 0.080 1 )  D(0 0.126 -1)
26.936  A(0.161 0.200 0.080 0 )
26.982  A(1.000 0.200 0.080 -1)  D(1 0.278 1 )
27.062  A(0.157 0.200 0.080 1 )  D(0 0.287 -1)
27.142  A(0.442 0.200 0.080 1 )  D(0 0.186 -1)
27.222  A(0.405 0.200 0.080 0 )
27.302  A(0.348 0.200 0.080 0 )
27.328  A(1.000 0.200 0.080 -1)  D(1 0.248 1 )
27.408  A(0.293 0.200 0.080 0 )
27.488  A(0.812 0.200 0.080 0 )
27.568  A(0.665 0.200 0.080 0 )
27.576  A(0.000 0.200 0.080 -1)  D(0 0.106 1 )
27.656  A(0.483 0.200 0.080 1 )  D(0 0.218 -1)
27.736  A(0.594 0.200 0.080 0 )
27.816  A(0.437 0.200 0.080 0 )
27.874  A(1.000 0.200 0.080 -1)  D(1 0.132 1 )
27.954  A(0.902 0.200 0.080 0 )
28.006  A(0.000 0.200 0.080 -1)  D(0 0.194 1 )
28.086  A(0.135 0.200 0.080 0 )
28.166  A(0.175 0.200 0.080 0 )
28.200  A(1.000 0.200 0.080 -1)  D(1 0.157 1 )
28.280  A(0.733 0.200 0.080 0 )
28.357  A(0.000 0.200 0.080 -1)  D(0 0.232 1 )
28.437  A(0.902 0.200 0.080 1 )  D(0 0.253 -1)
28.517  A(0.156 0.200 0.080 1 )  D(0 0.128 -1)
28.597  A(0.837 0.200 0.080 1 )  D(0 0.230 -1)
28.677  A(0.077 0.200 0.080 1 )  D(0 0.155 -1)
28.757  A(0.294 0.200 0.080 1 )  D(0 0.245 -1)
28.837  A(0.814 0.200 0.080 0 )
28.917  A(0.197 0.200 0.080 1 )  D(0 0.243 -1)
28.997  A(0.015 0.200 0.080 0 )
29.077  A(0.262 0.200 0.080 1 )  D(0 0.182 -1)
29.157  A(0.200 0.200 0.080 1 )  D(0 0.247 -1)
29.237  A(0.200 0.200 0.080 0 )
29.317  A(0.199 0.200 0.080 0 )
29.397  A(0.338 0.200 0.080 1 )  D(0 0.151 -1)
29.477  A(0.874 0.200 0.080 0 )
29.548  A(1.000 0.200 0.080 -1)  D(1 0.294 1 )
29.628  A(0.060 0.200 0.080 1 )  D(0 0.161 -1)
29.708  A(0.324 0.200 0.080 1 )  D(0 0.123 -1)
29.788  A(0.205 0.200 0.080 0 )
29.831  A(1.000 0.200 0.080 -1)  D(1 0.155 1 )
29.911  A(0.611 0.200 0.080 0 )
29.986  A(0.000 0.200 0.080 -1)  D(0 0.134 1 )
30.066  A(0.920 0.200 0.080 1 )  D(0 0.269 -1)
30.146  A(0.666 0.200 0.080 0 )
30.226  A(0.982 0.200 0.080 0 )
30.306  A(0.934 0.200 0.080 0 )
30.335  A(1.000 0.200 0.080 -1)  D(1 0.107 1 )
30.415  A(0.285 0.200 0.080 0 )
30.442  A(0.000 0.200 0.080 -1)  D(0 0.192 1 )
30.522  A(0.127 0.200 0.080 0 )
30.602  A(0.761 0.200 0.080 1 )  D(0 0.286 -1)
30.682  A(0.958 0.200 0.080 0 )
30.762  A(0.231 0.200 0.080 0 )
30.842  A(0.132 0.200 0.080 1 )  D(0 0.254 -1)
30.922  A(0.925 0.200 0.080 1 )  D(0 0.232 -1)
31.002  A(0.252 0.200 0.080 0 )
31.082  A(0.864 0.200 0.080 0 )
31.154  A(1.000 0.200 0.080 -1)  D(1 0.170 1 )
31.234  A(0.717 0.200 0.080 0 )
31.314  A(0.883 0.200 0.080 0 )
31.324  A(0.000 0.200 0.080 -1)  D(0 0.254 1 )
31.404  A(0.745 0.200 0.080 1 )  D(0 0.241 -1)
31.484  A(0.415 0.200 0.080 0 )
31.564  A(0.525 0.200 0.080 0 )
31.644  A(0.864 0.200 0.080 0 )
31.645  A(1.000 0.200 0.080 -1)  D(1 0.187 1 )
31.725  A(0.108 0.200 0.080 1 )  D(0 0.208 -1)
31.805  A(0.582 0.200 0.080 1 )  D(0 0.168 -1)
31.885  A(0.171 0.200 0.080 1 )  D(0 0.279 -1)
31.965  A(0.363 0.200 0.080 1 )  D(0 0.263 -1)
32.045  A(0.677 0.200 0.080 0 )
32.125  A(0.520 0.200 0.080 0 )
32.205  A(0.958 0.200 0.080 0 )
32.228  A(1.000 0.200 0.080 -1)  D(1 0.151 1 )
32.308  A(0.305 0.200 0.080 0 )
32.379  A(0.000 0.200 0.080 -1)  D(0 0.122 1 )
32.459  A(0.220 0.200 0.080 1 )  D(0 0.116 -1)
32.539  A(0.788 0.200 0.080 0 )
32.575  A(1.000 0.200 0.080 -1)  D(1 0.170 1 )
32.655  A(0.176 0.200 0.080 1 )  D(0 0.265 -1)
32.735  A(0.745 0.200 0.080 1 )  D(0 0.292 -1)
32.815  A(0.423 0.200 0.080 0 )
32.895  A(0.085 0.200 0.080 1 )  D(0 0.186 -1)
32.975  A(0.921 0.200 0.080 1 )  D(0 0.204 -1)
33.055  A(0.984 0.200 0.080 0 )
33.135  A(0.064 0.200 0.080 1 )  D(0 0.189 -1)
33.215  A(0.909 0.200 0.080 1 )  D(0 0.136 -1)
33.295  A(0.479 0.200 0.080 0 )
33.351  A(1.000 0.200 0.080 -1)  D(1 0.191 1 )
33.431  A(0.501 0.200 0.080 0 )
33.511  A(0.581 0.200 0.080 0 )
33.542  A(0.000 0.200 0.080 -1)  D(0 0.142 1 )
33.622  A(0.067 0.200 0.080 0 )
33.684  A(1.000 0.200 0.080 -1)  D(1 0.245 1 )
33.764  A(0.653 0.200 0.080 0 )
33.844  A(0.911 0.200 0.080 0 )
33.924  A(0.304 0.200 0.080 0 )
33.929  A(0.000 0.200 0.080 -1)  D(0 0.296 1 )
34.009  A(0.978 0.200 0.080 1 )  D(0 0.125 -1)
34.089  A(0.059 0.200 0.080 1 )  D(0 0.246 -1)
34.169  A(0.459 0.200 0.080 1 )  D(0 0.284 -1)
34.249  A(0.038 0.200 0.080 1 )  D(0 0.111 -1)
34.329  A(0.816 0.200 0.080 1 )  D(0 0.200 -1)
34.409  A(0.754 0.200 0.080 0 )
34.489  A(0.198 0.200 0.080 1 )  D(0 0.118 -1)
34.569  A(0.123 0.200 0.080 0 )
34.607  A(1.000 0.200 0.080 -1)  D(1 0.183 1 )
34.687  A(0.109 0.200 0.080 1 )  D(0 0.232 -1)
34.767  A(0.440 0.200 0.080 1 )  D(0 0.147 -1)
34.847  A(0.894 0.200 0.080 0 )
34.914  A(1.000 0.200 0.080 -1)  D(1 0.104 1 )
34.994  A(0.866 0.200 0.080 0 )
35.018  A(0.000 0.200 0.080 -1)  D(0 0.240 1 )
35.098  A(0.561 0.200 0.080 1 )  D(0 0.275 -1)
35.178  A(0.733 0.200 0.080 0 )
35.258  A(0.131 0.200 0.080 1 )  D(0 0.171 -1)
35.338  A(0.868 0.200 0.080 1 )  D(0 0.294 -1)
35.418  A(0.004 0.200 0.080 1 )  D(0 0.181 -1)
35.498  A(0.214 0.200 0.080 1 )  D(0 0.225 -1)
35.578  A(0.265 0.200 0.080 0 )
35.658  A(0.649 0.200 0.080 0 )
35.723  A(1.000 0.200 0.080 -1)  D(1 0.202 1 )
35.803  A(0.826 0.200 0.080 0 )
35.883  A(0.589 0.200 0.080 0 )
35.925  A(0.000 0.200 0.080 -1)  D(0 0.131 1 )
36.005  A(0.049 0.200 0.080 0 )
36.056  A(1.000 0.200 0.080 -1)  D(1 0.289 1 )
36.136  A(0.630 0.200 0.080 0 )
36.216  A(0.255 0.200 0.080 0 )
36.296  A(0.338 0.200 0.080 0 )
36.345  A(0.000 0.200 0.080 -1)  D(0 0.279 1 )
36.425  A(0.086 0.200 0.080 0 )
36.505  A(0.911 0.200 0.080 1 )  D(0 0.165 -1)
36.585  A(0.823 0.200 0.080 0 )
36.665  A(0.120 0.200 0.080 1 )  D(0 0.272 -1)
36.745  A(0.721 0.200 0.080 1 )  D(0 0.233 -1)
36.825  A(0.937 0.200 0.080 0 )
36.905  A(0.428 0.200 0.080 0 )
36.978  A(1.000 0.200 0.080 -1)  D(1 0.290 1 )
37.058  A(0.362 0.200 0.080 0 )
37.138  A(0.272 0.200 0.080 0 )
37.218  A(0.606 0.200 0.080 0 )
37.268  A(0.000 0.200 0.080 -1)  D(0 0.170 1 )
37.348  A(0.033 0.200 0.080 0 )
37.428  A(0.900 0.200 0.080 1 )  D(0 0.122 -1)
37.508  A(1.000 0.200 0.080 0 )
37.550  A(1.000 0.200 0.080 -1)  D(1 0.259 1 )
37.630  A(0.419 0.200 0.080 0 )
37.710  A(0.234 0.200 0.080 0 )
37.790  A(0.011 0.200 0.080 1 )  D(0 0.246 -1)
37.870  A(0.677 0.200 0.080 1 )  D(0 0.166 -1)
37.950  A(0.118 0.200 0.080 1 )  D(0 0.126 -1)
38.030  A(0.954 0.200 0.080 1 )  D(0 0.285 -1)
38.110  A(0.640 0.200 0.080 0 )
38.190  A(0.531 0.200 0.080 0 )
38.270  A(0.689 0.200 0.080 0 )
38.315  A(1.000 0.200 0.080 -1)  D(1 0.121 1 )
38.395  A(0.630 0.200 0.080 0 )
38.436  A(0.000 0.200 0.080 -1)  D(0 0.290 1 )
38.516  A(0.352 0.200 0.080 1 )  D(0 0.108 -1)
38.596  A(0.000 0.200 0.080 1 )  D(0 0.234 -1)
38.676  A(0.483 0.200 0.080 1 )  D(0 0.205 -1)
38.756  A(0.892 0.200 0.080 0 )
38.836  A(0.890 0.200 0.080 0 )
38.881  A(1.000 0.200 0.080 -1)  D(1 0.128 1 )
38.961  A(0.064 0.200 0.080 1 )  D(0 0.269 -1)
39.041  A(0.296 0.200 0.080 1 )  D(0 0.280 -1)
39.121  A(0.413 0.200 0.080 0 )
39.201  A(0.661 0.200 0.080 0 )
39.281  A(0.149 0.200 0.080 1 )  D(0 0.192 -1)
39.361  A(0.522 0.200 0.080 1 )  D(0 0.212 -1)
39.441  A(0.118 0.200 0.080 1 )  D(0 0.220 -1)
39.521  A(0.684 0.200 0.080 1 )  D(0 0.290 -1)
39.601  A(0.741 0.200 0.080 0 )
39.681  A(0.464 0.200 0.080 0 )
39.761  A(0.252 0.200 0.080 0 )
39.811  A(1.000 0.200 0.080 -1)  D(1 0.111 1 )
39.891  A(0.562 0.200 0.080 0 )
39.922  A(0.000 0.200 0.080 -1)  D(0 0.271 1 )
40.002  A(0.458 0.200 0.080 1 )  D(0 0.104 -1)
40.082  A(0.839 0.200 0.080 0 )
40.106  A(1.000 0.200 0.080 -1)  D(1 0.227 1 )
40.186  A(0.330 0.200 0.080 0 )
40.266  A(0.266 0.200 0.080 0 )
40.333  A(0.000 0.200 0.080 -1)  D(0 0.241 1 )
40.413  A(0.352 0.200 0.080 1 )  D(0 0.146 -1)
40.493  A(0.254 0.200 0.080 0 )
40.559  A(1.000 0.200 0.080 -1)  D(1 0.258 1 )
40.639  A(0.808 0.200 0.080 0 )
40.719  A(0.986 0.200 0.080 0 )
40.799  A(0.856 0.200 0.080 0 )
40.817  A(0.000 0.200 0.080 -1)  D(0 0.160 1 )
40.897  A(0.628 0.200 0.080 1 )  D(0 0.158 -1)
40.977  A(0.281 0.200 0.080 0 )
41.055  A(1.000 0.200 0.080 -1)  D(1 0.229 1 )
41.135  A(0.563 0.200 0.080 0 )
41.215  A(0.018 0.200 0.080 1 )  D(0 0.214 -1)
41.295  A(0.075 0.200 0.080 0 )
41.375  A(0.603 0.200 0.080 1 )  D(0 0.279 -1)
41.455  A(0.637 0.200 0.080 0 )
41.535  A(0.690 0.200 0.080 0 )
41.615  A(0.237 0.200 0.080 0 )
41.654  A(1.000 0.200 0.080 -1)  D(1 0.111 1 )
41.734  A(0.516 0.200 0.080 0 )
41.765  A(0.000 0.200 0.080 -1)  D(0 0.259 1 )
41.845  A(0.825 0.200 0.080 1 )  D(0 0.195 -1)
41.925  A(0.515 0.200 0.080 0 )
42.005  A(0.537 0.200 0.080 0 )
42.040  A(1.000 0.200 0.080 -1)  D(1 0.157 1 )
42.120  A(0.133 0.200 0.080 1 )  D(0 0.145 -1)
42.200  A(0.905 0.200 0.080 1 )  D(0 0.244 -1)
42.280  A(0.348 0.200 0.080 0 )
42.360  A(0.586 0.200 0.080 0 )
42.440  A(0.970 0.200 0.080 0 )
42.444  A(1.000 0.200 0.080 -1)  D(1 0.260 1 )
42.524  A(0.313 0.200 0.080 0 )
42.604  A(0.459 0.200 0.080 0 )
42.684  A(0.333 0.200 0.080 0 )
42.704  A(0.000 0.200 0.080 -1)  D(0 0.147 1 )
42.784  A(0.920 0.200 0.080 1 )  D(0 0.255 -1)
42.864  A(0.274 0.200 0.080 0 )
42.944  A(0.230 0.200 0.080 0 )
43.024  A(0.810 0.200 0.080 0 )
43.039  A(1.000 0.200 0.080 -1)  D(1 0.211 1 )
43.119  A(0.279 0.200 0.080 0 )
43.199  A(0.663 0.200 0.080 0 )
43.250  A(0.000 0.200 0.080 -1)  D(0 0.238 1 )
43.330  A(0.857 0.200 0.080 1 )  D(0 0.248 -1)
43.410  A(0.383 0.200 0.080 0 )
43.490  A(0.658 0.200 0.080 0 )
43.570  A(0.146 0.200 0.080 1 )  D(0 0.163 -1)
43.650  A(0.878 0.200 0.080 1 )  D(0 0.199 -1)
43.730  A(0.188 0.200 0.080 1 )  D(0 0.180 -1)
43.810  A(0.140 0.200 0.080 0 )
43.890  A(0.803 0.200 0.080 1 )  D(0 0.179 -1)
43.970  A(0.070 0.200 0.080 1 )  D(0 0.102 -1)
44.050  A(0.431 0.200 0.080 1 )  D(0 0.297 -1)
44.130  A(0.596 0.200 0.080 0 )
44.210  A(0.812 0.200 0.080 0 )
44.290  A(0.362 0.200 0.080 0 )
44.347  A(1.000 0.200 0.080 -1)  D(1 0.116 1 )
44.427  A(0.137 0.200 0.080 1 )  D(0 0.181 -1)
44.507  A(0.050 0.200 0.080 0 )
44.587  A(0.771 0.200 0.080 1 )  D(0 0.288 -1)
44.667  A(0.346 0.200 0.080 0 )
44.747  A(0.849 0.200 0.080 0 )
44.827  A(0.394 0.200 0.080 0 )
44.875  A(1.000 0.200 0.080 -1)  D(1 0.106 1 )
44.955  A(0.330 0.200 0.080 0 )
44.981  A(0.000 0.200 0.080 -1)  D(0 0.106 1 )
45.061  A(0.834 0.200 0.080 1 )  D(0 0.186 -1)
45.141  A(0.165 0.200 0.080 1 )  D(0 0.106 -1)
45.221  A(0.808 0.200 0.080 1 )  D(0 0.292 -1)
45.301  A(0.509 0.200 0.080 0 )
45.381  A(0.821 0.200 0.080 0 )
45.461  A(0.899 0.200 0.080 0 )
45.513  A(1.000 0.200 0.080 -1)  D(1 0.137 1 )
45.593  A(0.638 0.200 0.080 0 )
45.650  A(0.000 0.200 0.080 -1)  D(0 0.265 1 )
45.730  A(0.939 0.200 0.080 1 )  D(0 0.257 -1)
45.810  A(0.746 0.200 0.080 0 )
45.890  A(0.433 0.200 0.080 0 )
45.970  A(0.660 0.200 0.080 0 )
45.987  A(1.000 0.200 0.080 -1)  D(1 0.266 1 )
46.067  A(0.399 0.200 0.080 0 )
46.147  A(0.358 0.200 0.080 0 )
46.227  A(0.856 0.200 0.080 0 )
46.253  A(0.000 0.200 0.080 -1)  D(0 0.222 1 )
46.333  A(0.952 0.200 0.080 1 )  D(0 0.243 -1)
46.413  A(0.623 0.200 0.080 0 )
46.493  A(0.907 0.200 0.080 0 )
46.573  A(0.289 0.200 0.080 0 )
46.576  A(1.000 0.200 0.080 -1)  D(1 0.128 1 )
46.656  A(0.278 0.200 0.080 0 )
46.704  A(0.000 0.200 0.080 -1)  D(0 0.107 1 )
46.784  A(0.189 0.200 0.080 0 )
46.811  A(1.000 0.200 0.080 -1)  D(1 0.241 1 )
46.891  A(0.085 0.200 0.080 1 )  D(0 0.190 -1)
46.971  A(0.488 0.200 0.080 1 )  D(0 0.296 -1)
47.051  A(0.325 0.200 0.080 0 )
47.131  A(0.076 0.200 0.080 1 )  D(0 0.261 -1)
47.211  A(0.958 0.200 0.080 1 )  D(0 0.154 -1)
47.291  A(0.108 0.200 0.080 1 )  D(0 0.101 -1)
47.371  A(0.774 0.200 0.080 1 )  D(0 0.148 -1)
47.451  A(0.048 0.200 0.080 1 )  D(0 0.102 -1)
47.531  A(0.351 0.200 0.080 1 )  D(0 0.287 -1)
47.611  A(0.101 0.200 0.080 1 )  D(0 0.286 -1)
47.691  A(0.881 0.200 0.080 1 )  D(0 0.211 -1)
47.771  A(0.608 0.200 0.080 0 )
47.851  A(0.315 0.200 0.080 0 )
47.902  A(1.000 0.200 0.080 -1)  D(1 0.272 1 )
47.982  A(0.053 0.200 0.080 1 )  D(0 0.217 -1)
48.062  A(0.483 0.200 0.080 1 )  D(0 0.231 -1)
48.142  A(0.517 0.200 0.080 0 )
48.222  A(0.677 0.200 0.080 0 )
48.293  A(1.000 0.200 0.080 -1)  D(1 0.159 1 )
48.373  A(0.243 0.200 0.080 0 )
48.452  A(0.000 0.200 0.080 -1)  D(0 0.291 1 )
48.532  A(0.628 0.200 0.080 1 )  D(0 0.140 -1)
48.612  A(0.452 0.200 0.080 0 )
48.672  A(1.000 0.200 0.080 -1)  D(1 0.182 1 )
48.752  A(0.313 0.200 0.080 0 )
48.832  A(0.721 0.200 0.080 0 )
48.854  A(0.000 0.200 0.080 -1)  D(0 0.244 1 )
48.934  A(0.205 0.200 0.080 1 )  D(0 0.237 -1)
49.014  A(0.398 0.200 0.080 0 )
49.094  A(0.477 0.200 0.080 0 )
49.171  A(1.000 0.200 0.080 -1)  D(1 0.125 1 )
49.251  A(0.651 0.200 0.080 0 )
49.296  A(0.000 0.200 0.080 -1)  D(0 0.150 1 )
49.376  A(0.744 0.200 0.080 1 )  D(0 0.202 -1)
49.456  A(0.298 0.200 0.080 0 )
49.536  A(0.585 0.200 0.080 0 )
49.578  A(1.000 0.200 0.080 -1)  D(1 0.138 1 )
49.658  A(0.660 0.200 0.080 0 )
49.716  A(0.000 0.200 0.080 -1)  D(0 0.189 1 )
49.796  A(0.867 0.200 0.080 1 )  D(0 0.164 -1)
49.876  A(0.624 0.200 0.080 0 )
49.956  A(0.669 0.200 0.080 0 )
49.960  A(1.000 0.200 0.080 -1)  D(1 0.212 1 )
50.040  A(0.142 0.200 0.080 1 )  D(0 0.166 -1)
50.120  A(0.061 0.200 0.080 0 )
50.200  A(0.635 0.200 0.080 1 )  D(0 0.205 -1)
50.280  A(0.963 0.200 0.080 0 )
50.360  A(0.843 0.200 0.080 0 )
50.405  A(1.000 0.200 0.080 -1)  D(1 0.157 1 )
50.485  A(0.882 0.200 0.080 0 )
50.562  A(0.000 0.200 0.080 -1)  D(0 0.119 1 )
50.642  A(0.038 0.200 0.080 0 )
50.681  A(1.000 0.200 0.080 -1)  D(1 0.226 1 )
50.761  A(0.526 0.200 0.080 0 )
50.841  A(0.140 0.200 0.080 1 )  D(0 0.282 -1)
50.921  A(0.780 0.200 0.080 1 )  D(0 0.230 -1)
51.001  A(0.500 0.200 0.080 0 )
51.081  A(0.286 0.200 0.080 0 )
51.151  A(1.000 0.200 0.080 -1)  D(1 0.174 1 )
51.231  A(0.478 0.200 0.080 0 )
51.311  A(0.198 0.200 0.080 1 )  D(0 0.109 -1)
51.391  A(0.030 0.200 0.080 0 )
51.420  A(1.000 0.200 0.080 -1)  D(1 0.158 1 )
51.500  A(0.500 0.200 0.080 0 )
51.578  A(0.000 0.200 0.080 -1)  D(0 0.180 1 )
51.658  A(0.159 0.200 0.080 0 )
51.738  A(0.609 0.200 0.080 1 )  D(0 0.216 -1)
51.818  A(0.533 0.200 0.080 0 )
51.898  A(0.979 0.200 0.080 0 )
51.954  A(1.000 0.200 0.080 -1)  D(1 0.126 1 )
52.034  A(0.517 0.200 0.080 0 )
52.080  A(0.000 0.200 0.080 -1)  D(0 0.297 1 )
52.160  A(0.362 0.200 0.080 1 )  D(0 0.112 -1)
52.240  A(0.351 0.200 0.080 0 )
52.272  A(1.000 0.200 0.080 -1)  D(1 0.298 1 )
52.352  A(0.920 0.200 0.080 0 )
52.432  A(0.996 0.200 0.080 0 )
52.512  A(0.881 0.200 0.080 0 )
52.570  A(0.000 0.200 0.080 -1)  D(0 0.293 1 )
52.650  A(0.280 0.200 0.080 1 )  D(0 0.229 -1)
52.730  A(0.014 0.200 0.080 1 )  D(0 0.267 -1)
52.810  A(0.546 0.200 0.080 1 )  D(0 0.208 -1)
52.890  A(0.060 0.200 0.080 1 )  D(0 0.103 -1)
52.970  A(0.045 0.200 0.080 0 )
52.993  A(1.000 0.200 0.080 -1)  D(1 0.118 1 )
53.073  A(0.644 0.200 0.080 0 )
53.111  A(0.000 0.200 0.080 -1)  D(0 0.267 1 )
53.191  A(0.027 0.200 0.080 0 )
53.271  A(0.420 0.200 0.080 1 )  D(0 0.220 -1)
53.351  A(0.110 0.200 0.080 1 )  D(0 0.146 -1)
53.431  A(0.227 0.200 0.080 1 )  D(0 0.165 -1)
53.511  A(0.299 0.200 0.080 0 )
53.591  A(0.927 0.200 0.080 0 )
53.596  A(1.000 0.200 0.080 -1)  D(1 0.132 1 )
53.676  A(0.718 0.200 0.080 0 )
53.728  A(0.000 0.200 0.080 -1)  D(0 0.213 1 )
53.808  A(0.666 0.200 0.080 1 )  D(0 0.173 -1)
53.888  A(0.037 0.200 0.080 1 )  D(0 0.201 -1)
53.968  A(0.436 0.200 0.080 1 )  D(0 0.138 -1)
54.048  A(0.554 0.200 0.080 0 )
54.106  A(1.000 0.200 0.080 -1)  D(1 0.287 1 )
54.186  A(0.936 0.200 0.080 0 )
54.266  A(0.850 0.200 0.080 0 )
54.346  A(0.539 0.200 0.080 0 )
54.393  A(0.000 0.200 0.080 -1)  D(0 0.180 1 )
54.473  A(0.676 0.200 0.080 1 )  D(0 0.153 -1)
54.553  A(0.984 0.200 0.080 0 )
54.626  A(1.000 0.200 0.080 -1)  D(1 0.194 1 )
54.706  A(0.386 0.200 0.080 0 )
54.786  A(0.471 0.200 0.080 0 )
54.820  A(0.000 0.200 0.080 -1)  D(0 0.214 1 )
54.900  A(0.137 0.200 0.080 0 )
54.980  A(0.020 0.200 0.080 0 )
55.034  A(1.000 0.200 0.080 -1)  D(1 0.125 1 )
55.114  A(0.935 0.200 0.080 0 )
55.159  A(0.000 0.200 0.080 -1)  D(0 0.246 1 )
55.239  A(0.786 0.200 0.080 1 )  D(0 0.278 -1)
55.319  A(0.492 0.200 0.080 0 )
55.399  A(0.555 0.200 0.080 0 )
55.479  A(0.167 0.200 0.080 1 )  D(0 0.231 -1)
55.559  A(0.850 0.200 0.080 1 )  D(0 0.206 -1)
55.639  A(0.588 0.200 0.080 0 )
55.719  A(0.529 0.200 0.080 0 )
55.765  A(1.000 0.200 0.080 -1)  D(1 0.175 1 )
55.845  A(0.456 0.200 0.080 0 )
55.925  A(0.306 0.200 0.080 0 )
55.940  A(0.000 0.200 0.080 -1)  D(0 0.262 1 )
56.020  A(0.626 0.200 0.080 1 )  D(0 0.209 -1)
56.100  A(0.686 0.200 0.080 0 )
56.180  A(0.804 0.200 0.080 0 )
56.229  A(1.000 0.200 0.080 -1)  D(1 0.179 1 )
56.309  A(0.668 0.200 0.080 0 )
56.389  A(0.626 0.200 0.080 0 )
56.408  A(0.000 0.200 0.080 -1)  D(0 0.299 1 )
56.488  A(0.966 0.200 0.080 1 )  D(0 0.284 -1)
56.568  A(0.800 0.200 0.080 0 )
56.648  A(0.319 0.200 0.080 0 )
56.728  A(0.255 0.200 0.080 0 )
56.772  A(1.000 0.200 0.080 -1)  D(1 0.289 1 )
56.852  A(0.719 0.200 0.080 0 )
56.932  A(0.537 0.200 0.080 0 )
57.012  A(0.418 0.200 0.080 0 )
57.061  A(0.000 0.200 0.080 -1)  D(0 0.262 1 )
57.141  A(0.800 0.200 0.080 1 )  D(0 0.284 -1)
57.221  A(0.668 0.200 0.080 0 )
57.301  A(0.228 0.200 0.080 0 )
57.381  A(0.358 0.200 0.080 0 )
57.425  A(1.000 0.200 0.080 -1)  D(1 0.272 1 )
57.505  A(0.303 0.200 0.080 0 )
57.585  A(0.812 0.200 0.080 0 )
57.665  A(0.971 0.200 0.080 0 )
57.697  A(0.000 0.200 0.080 -1)  D(0 0.250 1 )
57.777  A(0.926 0.200 0.080 1 )  D(0 0.101 -1)
57.857  A(0.942 0.200 0.080 0 )
57.878  A(1.000 0.200 0.080 -1)  D(1 0.162 1 )
57.958  A(0.543 0.200 0.080 0 )
58.038  A(0.995 0.200 0.080 0 )
58.040  A(0.000 0.200 0.080 -1)  D(0 0.250 1 )
58.120  A(0.569 0.200 0.080 1 )  D(0 0.273 -1)
58.200  A(0.066 0.200 0.080 1 )  D(0 0.247 -1)
58.280  A(0.989 0.200 0.080 1 )  D(0 0.261 -1)
58.360  A(0.035 0.200 0.080 1 )  D(0 0.217 -1)
58.440  A(0.664 0.200 0.080 1 )  D(0 0.196 -1)
58.520  A(0.476 0.200 0.080 0 )
58.600  A(0.806 0.200 0.080 0 )
58.636  A(1.000 0.200 0.080 -1)  D(1 0.172 1 )
58.716  A(0.414 0.200 0.080 0 )
58.796  A(0.531 0.200 0.080 0 )
58.808  A(0.000 0.200 0.080 -1)  D(0 0.206 1 )
58.888  A(0.267 0.200 0.080 1 )  D(0 0.293 -1)
58.968  A(0.378 0.200 0.080 0 )
59.048  A(0.151 0.200 0.080 1 )  D(0 0.236 -1)
59.128  A(0.852 0.200 0.080 1 )  D(0 0.149 -1)
59.208  A(0.065 0.200 0.080 1 )  D(0 0.164 -1)
59.288  A(0.975 0.200 0.080 1 )  D(0 0.107 -1)
59.368  A(0.508 0.200 0.080 0 )
59.395  A(1.000 0.200 0.080 -1)  D(1 0.299 1 )
59.475  A(0.197 0.200 0.080 1 )  D(0 0.233 -1)
59.555  A(0.662 0.200 0.080 1 )  D(0 0.110 -1)
59.635  A(0.557 0.200 0.080 0 )
59.665  A(1.000 0.200 0.080 -1)  D(1 0.266 1 )
59.745  A(0.291 0.200 0.080 0 )
59.825  A(0.845 0.200 0.080 0 )
59.905  A(0.475 0.200 0.080 0 )
59.931  A(0.000 0.200 0.080 -1)  D(0 0.263 1 )
60.011  A(0.783 0.200 0.080 1 )  D(0 0.114 -1)
60.091  A(0.951 0.200 0.080 0 )
60.125  A(1.000 0.200 0.080 -1)  D(1 0.154 1 )
60.205  A(0.122 0.200 0.080 1 )  D(0 0.210 -1)
60.285  A(0.811 0.200 0.080 1 )  D(0 0.283 -1)
60.365  A(0.160 0.200 0.080 1 )  D(0 0.197 -1)
60.445  A(0.885 0.200 0.080 1 )  D(0 0.148 -1)
60.525  A(0.107 0.200 0.080 1 )  D(0 0.161 -1)
60.605  A(0.146 0.200 0.080 0 )
60.685  A(0.228 0.200 0.080 1 )  D(0 0.270 -1)
60.765  A(0.884 0.200 0.080 0 )
60.845  A(0.097 0.200 0.080 1 )  D(0 0.109 -1)
60.925  A(0.213 0.200 0.080 1 )  D(0 0.237 -1)
61.005  A(0.413 0.200 0.080 0 )
61.085  A(0.374 0.200 0.080 0 )
61.162  A(1.000 0.200 0.080 -1)  D(1 0.164 1 )
61.242  A(0.254 0.200 0.080 0 )
61.322  A(0.805 0.200 0.080 0 )
61.326  A(0.000 0.200 0.080 -1)  D(0 0.158 1 )
61.406  A(0.099 0.200 0.080 0 )
61.484  A(1.000 0.200 0.080 -1)  D(1 0.291 1 )
61.564  A(0.108 0.200 0.080 1 )  D(0 0.232 -1)
61.644  A(0.916 0.200 0.080 1 )  D(0 0.187 -1)
61.724  A(0.960 0.200 0.080 0 )
61.804  A(0.032 0.200 0.080 1 )  D(0 0.298 -1)
61.884  A(0.184 0.200 0.080 0 )
61.964  A(0.245 0.200 0.080 1 )  D(0 0.103 -1)
62.044  A(0.979 0.200 0.080 0 )
62.067  A(1.000 0.200 0.080 -1)  D(1 0.206 1 )
62.147  A(0.930 0.200 0.080 0 )
62.227  A(0.822 0.200 0.080 0 )
62.273  A(0.000 0.200 0.080 -1)  D(0 0.275 1 )
62.353  A(0.705 0.200 0.080 1 )  D(0 0.218 -1)
62.433  A(0.014 0.200 0.080 1 )  D(0 0.236 -1)
62.513  A(0.775 0.200 0.080 1 )  D(0 0.232 -1)
62.593  A(0.735 0.200 0.080 0 )
62.673  A(0.317 0.200 0.080 0 )
62.745  A(1.000 0.200 0.080 -1)  D(1 0.146 1 )
62.825  A(0.238 0.200 0.080 0 )
62.891  A(0.000 0.200 0.080 -1)  D(0 0.153 1 )
62.971  A(0.368 0.200 0.080 1 )  D(0 0.207 -1)
63.051  A(0.564 0.200 0.080 0 )
63.131  A(0.426 0.200 0.080 0 )
63.178  A(1.000 0.200 0.080 -1)  D(1 0.186 1 )
63.258  A(0.446 0.200 0.080 0 )
63.338  A(0.361 0.200 0.080 0 )
63.364  A(0.000 0.200 0.080 -1)  D(0 0.112 1 )
63.444  A(0.954 0.200 0.080 1 )  D(0 0.156 -1)
63.524  A(0.795 0.200 0.080 0 )
63.600  A(1.000 0.200 0.080 -1)  D(1 0.290 1 )
63.680  A(0.129 0.200 0.080 1 )  D(0 0.245 -1)
63.760  A(0.970 0.200 0.080 1 )  D(0 0.215 -1)
63.840  A(0.246 0.200 0.080 0 )
63.920  A(0.921 0.200 0.080 0 )
63.975  A(1.000 0.200 0.080 -1)  D(1 0.147 1 )
64.055  A(0.688 0.200 0.080 0 )
64.122  A(0.000 0.200 0.080 -1)  D(0 0.188 1 )
64.202  A(0.651 0.200 0.080 1 )  D(0 0.160 -1)
64.282  A(0.415 0.200 0.080 0 )
64.362  A(1.000 0.200 0.080 -1)  D(1 0.243 1 )
64.442  A(0.825 0.200 0.080 0 )
64.522  A(0.898 0.200 0.080 0 )
64.602  A(0.546 0.200 0.080 0 )
64.605  A(0.000 0.200 0.080 -1)  D(0 0.221 1 )
64.685  A(0.379 0.200 0.080 1 )  D(0 0.143 -1)
64.765  A(0.171 0.200 0.080 1 )  D(0 0.202 -1)
64.845  A(0.360 0.200 0.080 1 )  D(0 0.183 -1)
64.925  A(0.059 0.200 0.080 1 )  D(0 0.232 -1)
65.005  A(0.218 0.200 0.080 1 )  D(0 0.237 -1)
65.085  A(0.298 0.200 0.080 0 )
65.165  A(0.339 0.200 0.080 0 )
65.242  A(1.000 0.200 0.080 -1)  D(1 0.232 1 )
65.322  A(0.186 0.200 0.080 1 )  D(0 0.191 -1)
65.402  A(0.708 0.200 0.080 1 )  D(0 0.116 -1)
65.482  A(0.376 0.200 0.080 0 )
65.518  A(1.000 0.200 0.080 -1)  D(1 0.137 1 )
65.598  A(0.111 0.200 0.080 1 )  D(0 0.287 -1)
65.678  A(0.976 0.200 0.080 1 )  D(0 0.226 -1)
65.758  A(0.229 0.200 0.080 0 )
65.838  A(0.949 0.200 0.080 0 )
65.904  A(1.000 0.200 0.080 -1)  D(1 0.200 1 )
65.984  A(0.332 0.200 0.080 0 )
66.064  A(0.657 0.200 0.080 0 )
66.104  A(0.000 0.200 0.080 -1)  D(0 0.228 1 )
66.184  A(0.326 0.200 0.080 1 )  D(0 0.156 -1)
66.264  A(0.369 0.200 0.080 0 )
66.340  A(1.000 0.200 0.080 -1)  D(1 0.108 1 )
66.420  A(0.928 0.200 0.080 0 )
66.448  A(0.000 0.200 0.080 -1)  D(0 0.122 1 )
66.528  A(0.112 0.200 0.080 0 )
66.570  A(1.000 0.200 0.080 -1)  D(1 0.198 1 )
66.650  A(0.609 0.200 0.080 0 )
66.730  A(0.641 0.200 0.080 0 )
66.768  A(0.000 0.200 0.080 -1)  D(0 0.279 1 )
66.848  A(0.501 0.200 0.080 1 )  D(0 0.208 -1)
66.928  A(0.247 0.200 0.080 0 )
67.008  A(0.305 0.200 0.080 0 )
67.056  A(1.000 0.200 0.080 -1)  D(1 0.179 1 )
67.136  A(0.312 0.200 0.080 0 )
67.216  A(0.435 0.200 0.080 0 )
67.235  A(0.000 0.200 0.080 -1)  D(0 0.221 1 )
67.315  A(0.771 0.200 0.080 1 )  D(0 0.208 -1)
67.395  A(0.485 0.200 0.080 0 )
67.475  A(0.789 0.200 0.080 0 )
67.523  A(1.000 0.200 0.080 -1)  D(1 0.284 1 )
67.603  A(0.724 0.200 0.080 0 )
67.683  A(0.950 0.200 0.080 0 )
67.763  A(0.988 0.200 0.080 0 )
67.807  A(0.000 0.200 0.080 -1)  D(0 0.285 1 )
67.887  A(0.326 0.200 0.080 1 )  D(0 0.125 -1)
67.967  A(0.611 0.200 0.080 0 )
68.012  A(1.000 0.200 0.080 -1)  D(1 0.146 1 )
68.092  A(0.473 0.200 0.080 0 )
68.158  A(0.000 0.200 0.080 -1)  D(0 0.276 1 )
68.238  A(0.938 0.200 0.080 1 )  D(0 0.195 -1)
68.318  A(0.805 0.200 0.080 0 )
68.398  A(0.488 0.200 0.080 0 )
68.433  A(1.000 0.200 0.080 -1)  D(1 0.153 1 )
68.513  A(0.071 0.200 0.080 1 )  D(0 0.199 -1)
68.593  A(0.069 0.200 0.080 0 )
68.673  A(0.318 0.200 0.080 1 )  D(0 0.132 -1)
68.753  A(0.618 0.200 0.080 0 )
68.805  A(1.000 0.200 0.080 -1)  D(1 0.262 1 )
68.885  A(0.989 0.200 0.080 0 )
68.965  A(0.828 0.200 0.080 0 )
69.045  A(0.265 0.200 0.080 0 )
69.067  A(0.000 0.200 0.080 -1)  D(0 0.216 1 )
69.147  A(0.057 0.200 0.080 0 )
69.227  A(0.541 0.200 0.080 1 )  D(0 0.192 -1)
69.307  A(0.678 0.200 0.080 0 )
69.387  A(0.838 0.200 0.080 0 )
69.419  A(1.000 0.200 0.080 -1)  D(1 0.217 1 )
69.499  A(0.807 0.200 0.080 0 )
69.579  A(0.496 0.200 0.080 0 )
69.636  A(0.000 0.200 0.080 -1)  D(0 0.128 1 )
69.716  A(0.169 0.200 0.080 0 )
69.764  A(1.000 0.200 0.080 -1)  D(1 0.277 1 )
69.844  A(0.188 0.200 0.080 1 )  D(0 0.192 -1)
69.924  A(0.672 0.200 0.080 1 )  D(0 0.176 -1)
70.004  A(0.012 0.200 0.080 1 )  D(0 0.284 -1)
70.084  A(0.810 0.200 0.080 1 )  D(0 0.273 -1)
70.164  A(0.398 0.200 0.080 0 )
70.244  A(0.300 0.200 0.080 0 )
70.324  A(0.960 0.200 0.080 0 )
70.357  A(1.000 0.200 0.080 -1)  D(1 0.118 1 )
70.437  A(0.573 0.200 0.080 0 )
70.475  A(0.000 0.200 0.080 -1)  D(0 0.285 1 )
70.555  A(0.748 0.200 0.080 1 )  D(0 0.213 -1)
70.635  A(0.286 0.200 0.080 0 )
70.715  A(0.414 0.200 0.080 0 )
70.768  A(1.000 0.200 0.080 -1)  D(1 0.208 1 )
70.848  A(0.809 0.200 0.080 0 )
70.928  A(0.713 0.200 0.080 0 )
70.976  A(0.000 0.200 0.080 -1)  D(0 0.210 1 )
71.056  A(0.082 0.200 0.080 0 )
71.136  A(0.203 0.200 0.080 1 )  D(0 0.255 -1)
71.216  A(0.655 0.200 0.080 0 )
71.296  A(0.701 0.200 0.080 0 )
71.376  A(0.512 0.200 0.080 0 )
71.391  A(1.000 0.200 0.080 -1)  D(1 0.236 1 )
71.471  A(0.161 0.200 0.080 1 )  D(0 0.256 -1)
71.551  A(0.089 0.200 0.080 0 )
71.631  A(0.983 0.200 0.080 1 )  D(0 0.271 -1)
71.711  A(0.861 0.200 0.080 0 )
71.791  A(0.451 0.200 0.080 0 )
71.871  A(0.889 0.200 0.080 0 )
71.902  A(1.000 0.200 0.080 -1)  D(1 0.295 1 )
71.982  A(0.026 0.200 0.080 1 )  D(0 0.239 -1)
72.062  A(0.604 0.200 0.080 1 )  D(0 0.158 -1)
72.142  A(0.922 0.200 0.080 0 )
72.220  A(1.000 0.200 0.080 -1)  D(1 0.106 1 )
72.300  A(0.544 0.200 0.080 0 )
72.326  A(0.000 0.200 0.080 -1)  D(0 0.273 1 )
72.406  A(0.263 0.200 0.080 1 )  D(0 0.172 -1)
72.486  A(0.305 0.200 0.080 0 )
72.566  A(0.984 0.200 0.080 0 )
72.578  A(1.000 0.200 0.080 -1)  D(1 0.205 1 )
72.658  A(0.826 0.200 0.080 0 )
72.738  A(0.316 0.200 0.080 0 )
72.783  A(0.000 0.200 0.080 -1)  D(0 0.291 1 )
72.863  A(0.574 0.200 0.080 1 )  D(0 0.260 -1)
72.943  A(0.279 0.200 0.080 0 )
73.023  A(0.149 0.200 0.080 1 )  D(0 0.131 -1)
73.103  A(0.818 0.200 0.080 1 )  D(0 0.140 -1)
73.183  A(0.099 0.200 0.080 1 )  D(0 0.126 -1)
73.263  A(0.764 0.200 0.080 1 )  D(0 0.182 -1)
73.343  A(0.314 0.200 0.080 0 )
73.423  A(0.705 0.200 0.080 0 )
73.445  A(1.000 0.200 0.080 -1)  D(1 0.266 1 )
73.525  A(0.352 0.200 0.080 0 )
73.605  A(0.206 0.200 0.080 0 )
73.685  A(0.240 0.200 0.080 0 )
73.711  A(0.000 0.200 0.080 -1)  D(0 0.287 1 )
73.791  A(0.802 0.200 0.080 1 )  D(0 0.229 -1)
73.871  A(0.272 0.200 0.080 0 )
73.951  A(0.554 0.200 0.080 0 )
74.020  A(1.000 0.200 0.080 -1)  D(1 0.123 1 )
74.100  A(0.723 0.200 0.080 0 )
74.143  A(0.000 0.200 0.080 -1)  D(0 0.184 1 )
74.223  A(0.355 0.200 0.080 1 )  D(0 0.284 -1)
74.303  A(0.991 0.200 0.080 0 )
74.383  A(0.357 0.200 0.080 0 )
74.463  A(0.144 0.200 0.080 1 )  D(0 0.133 -1)
74.543  A(0.666 0.200 0.080 1 )  D(0 0.155 -1)
74.623  A(0.333 0.200 0.080 0 )
74.698  A(1.000 0.200 0.080 -1)  D(1 0.132 1 )
74.778  A(0.151 0.200 0.080 1 )  D(0 0.179 -1)
74.858  A(0.003 0.200 0.080 0 )
74.938  A(0.578 0.200 0.080 1 )  D(0 0.235 -1)
75.018  A(0.620 0.200 0.080 0 )
75.098  A(0.958 0.200 0.080 0 )
75.173  A(1.000 0.200 0.080 -1)  D(1 0.243 1 )
75.253  A(0.511 0.200 0.080 0 )
75.333  A(0.586 0.200 0.080 0 )
75.413  A(0.913 0.200 0.080 0 )
75.416  A(0.000 0.200 0.080 -1)  D(0 0.149 1 )
75.496  A(0.216 0.200 0.080 1 )  D(0 0.178 -1)
75.576  A(0.793 0.200 0.080 0 )
75.656  A(0.974 0.200 0.080 0 )
75.674  A(1.000 0.200 0.080 -1)  D(1 0.195 1 )
75.754  A(0.699 0.200 0.080 0 )
75.834  A(0.465 0.200 0.080 0 )
75.869  A(0.000 0.200 0.080 -1)  D(0 0.154 1 )
75.949  A(0.848 0.200 0.080 1 )  D(0 0.197 -1)
76.029  A(0.381 0.200 0.080 0 )
76.109  A(0.812 0.200 0.080 0 )
76.146  A(1.000 0.200 0.080 -1)  D(1 0.267 1 )
76.226  A(0.683 0.200 0.080 0 )
76.306  A(0.894 0.200 0.080 0 )
76.386  A(0.221 0.200 0.080 0 )
76.413  A(0.000 0.200 0.080 -1)  D(0 0.252 1 )
76.493  A(0.087 0.200 0.080 0 )
76.573  A(0.511 0.200 0.080 1 )  D(0 0.265 -1)
76.653  A(0.727 0.200 0.080 0 )
76.733  A(0.792 0.200 0.080 0 )
76.813  A(0.155 0.200 0.080 1 )  D(0 0.225 -1)
76.893  A(0.618 0.200 0.080 1 )  D(0 0.105 -1)
76.973  A(0.021 0.200 0.080 1 )  D(0 0.278 -1)
77.053  A(0.994 0.200 0.080 1 )  D(0 0.206 -1)
77.133  A(0.971 0.200 0.080 0 )
77.213  A(0.470 0.200 0.080 0 )
77.259  A(1.000 0.200 0.080 -1)  D(1 0.168 1 )
77.339  A(0.082 0.200 0.080 1 )  D(0 0.226 -1)
77.419  A(0.229 0.200 0.080 1 )  D(0 0.285 -1)
77.499  A(0.372 0.200 0.080 0 )
77.579  A(0.024 0.200 0.080 1 )  D(0 0.169 -1)
77.659  A(0.408 0.200 0.080 1 )  D(0 0.178 -1)
77.739  A(0.146 0.200 0.080 1 )  D(0 0.277 -1)
77.819  A(0.054 0.200 0.080 0 )
77.899  A(0.682 0.200 0.080 1 )  D(0 0.109 -1)
77.979  A(0.407 0.200 0.080 0 )
78.008  A(1.000 0.200 0.080 -1)  D(1 0.283 1 )
78.088  A(0.110 0.200 0.080 1 )  D(0 0.165 -1)
78.168  A(0.180 0.200 0.080 0 )
78.248  A(0.585 0.200 0.080 1 )  D(0 0.227 -1)
78.328  A(0.792 0.200 0.080 0 )
78.408  A(0.273 0.200 0.080 0 )
78.475  A(1.000 0.200 0.080 -1)  D(1 0.164 1 )
78.555  A(0.019 0.200 0.080 1 )  D(0 0.130 -1)
78.635  A(0.068 0.200 0.080 0 )
78.685  A(1.000 0.200 0.080 -1)  D(1 0.234 1 )
78.765  A(0.113 0.200 0.080 1 )  D(0 0.229 -1)
78.845  A(0.167 0.200 0.080 0 )
78.925  A(0.297 0.200 0.080 1 )  D(0 0.237 -1)
79.005  A(0.800 0.200 0.080 0 )
79.085  A(0.041 0.200 0.080 1 )  D(0 0.202 -1)
79.165  A(0.710 0.200 0.080 1 )  D(0 0.202 -1)
79.245  A(0.653 0.200 0.080 0 )
79.325  A(0.698 0.200 0.080 0 )
79.367  A(1.000 0.200 0.080 -1)  D(1 0.120 1 )
79.447  A(0.466 0.200 0.080 0 )
79.487  A(0.000 0.200 0.080 -1)  D(0 0.284 1 )
79.567  A(0.306 0.200 0.080 1 )  D(0 0.111 -1)
79.647  A(0.510 0.200 0.080 0 )
79.678  A(1.000 0.200 0.080 -1)  D(1 0.178 1 )
79.758  A(0.201 0.200 0.080 0 )
79.838  A(0.996 0.200 0.080 0 )
79.856  A(0.000 0.200 0.080 -1)  D(0 0.243 1 )
79.936  A(0.291 0.200 0.080 1 )  D(0 0.248 -1)
80.016  A(0.085 0.200 0.080 1 )  D(0 0.153 -1)
80.096  A(0.958 0.200 0.080 1 )  D(0 0.166 -1)
80.176  A(0.738 0.200 0.080 0 )
80.256  A(0.549 0.200 0.080 0 )
80.262  A(1.000 0.200 0.080 -1)  D(1 0.245 1 )
80.342  A(0.976 0.200 0.080 0 )
80.422  A(0.568 0.200 0.080 0 )
80.502  A(0.698 0.200 0.080 0 )
80.507  A(0.000 0.200 0.080 -1)  D(0 0.147 1 )
80.587  A(0.850 0.200 0.080 1 )  D(0 0.211 -1)
80.667  A(0.659 0.200 0.080 0 )
80.747  A(0.632 0.200 0.080 0 )
80.798  A(1.000 0.200 0.080 -1)  D(1 0.275 1 )
80.878  A(0.972 0.200 0.080 0 )
80.958  A(0.053 0.200 0.080 1 )  D(0 0.140 -1)
81.038  A(0.047 0.200 0.080 0 )
81.098  A(1.000 0.200 0.080 -1)  D(1 0.195 1 )
81.178  A(0.960 0.200 0.080 0 )
81.258  A(0.105 0.200 0.080 1 )  D(0 0.138 -1)
81.338  A(0.218 0.200 0.080 1 )  D(0 0.205 -1)
81.418  A(0.619 0.200 0.080 0 )
81.498  A(0.216 0.200 0.080 0 )
81.543  A(1.000 0.200 0.080 -1)  D(1 0.282 1 )
81.623  A(0.234 0.200 0.080 0 )
81.703  A(0.522 0.200 0.080 0 )
81.783  A(0.956 0.200 0.080 0 )
81.825  A(0.000 0.200 0.080 -1)  D(0 0.112 1 )
81.905  A(0.192 0.200 0.080 0 )
81.937  A(1.000 0.200 0.080 -1)  D(1 0.184 1 )
82.017  A(0.784 0.200 0.080 0 )
82.097  A(0.120 0.200 0.080 1 )  D(0 0.175 -1)
82.177  A(0.274 0.200 0.080 1 )  D(0 0.215 -1)
82.257  A(0.384 0.200 0.080 0 )
82.337  A(0.661 0.200 0.080 0 )
82.392  A(1.000 0.200 0.080 -1)  D(1 0.275 1 )
82.472  A(0.911 0.200 0.080 0 )
82.552  A(0.206 0.200 0.080 0 )
82.632  A(0.888 0.200 0.080 0 )
82.667  A(0.000 0.200 0.080 -1)  D(0 0.204 1 )
82.747  A(0.827 0.200 0.080 1 )  D(0 0.280 -1)
82.827  A(0.656 0.200 0.080 0 )
82.907  A(0.859 0.200 0.080 0 )
82.987  A(0.853 0.200 0.080 0 )
83.027  A(1.000 0.200 0.080 -1)  D(1 0.294 1 )
83.107  A(0.828 0.200 0.080 0 )
83.187  A(0.576 0.200 0.080 0 )
83.267  A(0.212 0.200 0.080 0 )
83.321  A(0.000 0.200 0.080 -1)  D(0 0.230 1 )
83.401  A(0.884 0.200 0.080 1 )  D(0 0.181 -1)
83.481  A(0.125 0.200 0.080 1 )  D(0 0.172 -1)
83.561  A(0.801 0.200 0.080 1 )  D(0 0.101 -1)
83.641  A(0.043 0.200 0.080 1 )  D(0 0.242 -1)
83.721  A(0.669 0.200 0.080 1 )  D(0 0.159 -1)
83.801  A(0.712 0.200 0.080 0 )
83.880  A(1.000 0.200 0.080 -1)  D(1 0.228 1 )
83.960  A(0.073 0.200 0.080 1 )  D(0 0.246 -1)
84.040  A(0.880 0.200 0.080 1 )  D(0 0.123 -1)
84.120  A(0.775 0.200 0.080 0 )
84.163  A(1.000 0.200 0.080 -1)  D(1 0.288 1 )
84.243  A(0.792 0.200 0.080 0 )
84.323  A(0.375 0.200 0.080 0 )
84.403  A(0.696 0.200 0.080 0 )
84.451  A(0.000 0.200 0.080 -1)  D(0 0.269 1 )
84.531  A(0.756 0.200 0.080 1 )  D(0 0.264 -1)
84.611  A(0.737 0.200 0.080 0 )
84.691  A(0.014 0.200 0.080 1 )  D(0 0.286 -1)
84.771  A(0.019 0.200 0.080 0 )
84.851  A(0.860 0.200 0.080 1 )  D(0 0.195 -1)
84.931  A(0.118 0.200 0.080 1 )  D(0 0.177 -1)
85.011  A(0.751 0.200 0.080 1 )  D(0 0.113 -1)
85.091  A(0.377 0.200 0.080 0 )
85.124  A(1.000 0.200 0.080 -1)  D(1 0.124 1 )
85.204  A(0.222 0.200 0.080 0 )
85.248  A(0.000 0.200 0.080 -1)  D(0 0.261 1 )
85.328  A(0.794 0.200 0.080 1 )  D(0 0.254 -1)
85.408  A(0.399 0.200 0.080 0 )
85.488  A(0.218 0.200 0.080 0 )
85.568  A(0.862 0.200 0.080 0 )
85.582  A(1.000 0.200 0.080 -1)  D(1 0.289 1 )
85.662  A(0.256 0.200 0.080 0 )
85.742  A(0.209 0.200 0.080 0 )
85.822  A(0.490 0.200 0.080 0 )
85.871  A(0.000 0.200 0.080 -1)  D(0 0.270 1 )
85.951  A(0.575 0.200 0.080 1 )  D(0 0.261 -1)
86.031  A(0.654 0.200 0.080 0 )
86.111  A(0.363 0.200 0.080 0 )
86.191  A(0.729 0.200 0.080 0 )
86.212  A(1.000 0.200 0.080 -1)  D(1 0.156 1 )
86.292  A(0.357 0.200 0.080 0 )
86.368  A(0.000 0.200 0.080 -1)  D(0 0.129 1 )
86.448  A(0.364 0.200 0.080 1 )  D(0 0.111 -1)
86.528  A(0.390 0.200 0.080 0 )
86.559  A(1.000 0.200 0.080 -1)  D(1 0.213 1 )
86.639  A(0.101 0.200 0.080 1 )  D(0 0.219 -1)
86.719  A(0.195 0.200 0.080 0 )
86.799  A(0.802 0.200 0.080 1 )  D(0 0.299 -1)
86.879  A(0.688 0.200 0.080 0 )
86.959  A(0.549 0.200 0.080 0 )
87.039  A(0.868 0.200 0.080 0 )
87.098  A(1.000 0.200 0.080 -1)  D(1 0.253 1 )
87.178  A(0.561 0.200 0.080 0 )
87.258  A(0.674 0.200 0.080 0 )
87.338  A(0.877 0.200 0.080 0 )
87.351  A(0.000 0.200 0.080 -1)  D(0 0.138 1 )
87.431  A(0.583 0.200 0.080 1 )  D(0 0.107 -1)
87.511  A(0.557 0.200 0.080 0 )
87.538  A(1.000 0.200 0.080 -1)  D(1 0.260 1 )
87.618  A(0.826 0.200 0.080 0 )
87.698  A(0.937 0.200 0.080 0 )
87.778  A(0.520 0.200 0.080 0 )
87.798  A(0.000 0.200 0.080 -1)  D(0 0.244 1 )
87.878  A(0.002 0.200 0.080 0 )
87.958  A(0.306 0.200 0.080 1 )  D(0 0.182 -1)
88.038  A(0.373 0.200 0.080 0 )
88.118  A(0.498 0.200 0.080 0 )
88.140  A(1.000 0.200 0.080 -1)  D(1 0.192 1 )
88.220  A(0.138 0.200 0.080 1 )  D(0 0.155 -1)
88.300  A(0.734 0.200 0.080 1 )  D(0 0.178 -1)
88.380  A(0.951 0.200 0.080 0 )
88.460  A(0.836 0.200 0.080 0 )
88.478  A(1.000 0.200 0.080 -1)  D(1 0.288 1 )
88.558  A(0.896 0.200 0.080 0 )
88.638  A(0.426 0.200 0.080 0 )
88.718  A(0.126 0.200 0.080 1 )  D(0 0.174 -1)
88.798  A(0.809 0.200 0.080 1 )  D(0 0.130 -1)
88.878  A(0.515 0.200 0.080 0 )
88.928  A(1.000 0.200 0.080 -1)  D(1 0.109 1 )
89.008  A(0.938 0.200 0.080 0 )
89.037  A(0.000 0.200 0.080 -1)  D(0 0.110 1 )
89.117  A(0.215 0.200 0.080 1 )  D(0 0.256 -1)
89.197  A(0.390 0.200 0.080 0 )
89.277  A(0.318 0.200 0.080 0 )
89.357  A(0.781 0.200 0.080 0 )
89.373  A(1.000 0.200 0.080 -1)  D(1 0.116 1 )
89.453  A(0.257 0.200 0.080 0 )
89.489  A(0.000 0.200 0.080 -1)  D(0 0.224 1 )
89.569  A(0.747 0.200 0.080 1 )  D(0 0.143 -1)
89.649  A(0.507 0.200 0.080 0 )
89.712  A(1.000 0.200 0.080 -1)  D(1 0.144 1 )
89.792  A(0.991 0.200 0.080 0 )
89.856  A(0.000 0.200 0.080 -1)  D(0 0.220 1 )
89.936  A(0.622 0.200 0.080 1 )  D(0 0.279 -1)
90.016  A(0.286 0.200 0.080 0 )
90.096  A(0.703 0.200 0.080 0 )
90.176  A(0.313 0.200 0.080 0 )
90.215  A(1.000 0.200 0.080 -1)  D(1 0.163 1 )
90.295  A(0.352 0.200 0.080 0 )
90.375  A(0.841 0.200 0.080 0 )
90.378  A(0.000 0.200 0.080 -1)  D(0 0.165 1 )
90.458  A(0.490 0.200 0.080 1 )  D(0 0.110 -1)
90.538  A(0.329 0.200 0.080 0 )
90.568  A(1.000 0.200 0.080 -1)  D(1 0.120 1 )
90.648  A(0.145 0.200 0.080 1 )  D(0 0.179 -1)
90.728  A(0.073 0.200 0.080 0 )
90.808  A(0.526 0.200 0.080 1 )  D(0 0.166 -1)
90.888  A(0.462 0.200 0.080 0 )
90.968  A(0.591 0.200 0.080 0 )
90.974  A(1.000 0.200 0.080 -1)  D(1 0.208 1 )
91.054  A(0.915 0.200 0.080 0 )
91.134  A(0.815 0.200 0.080 0 )
91.182  A(0.000 0.200 0.080 -1)  D(0 0.193 1 )
91.262  A(0.030 0.200 0.080 0 )
91.342  A(0.665 0.200 0.080 1 )  D(0 0.277 -1)
91.422  A(0.802 0.200 0.080 0 )
91.502  A(0.975 0.200 0.080 0 )
91.582  A(0.238 0.200 0.080 0 )
91.619  A(1.000 0.200 0.080 -1)  D(1 0.233 1 )
91.699  A(0.523 0.200 0.080 0 )
91.779  A(0.402 0.200 0.080 0 )
91.852  A(0.000 0.200 0.080 -1)  D(0 0.256 1 )
91.932  A(0.337 0.200 0.080 1 )  D(0 0.248 -1)
92.012  A(0.250 0.200 0.080 0 )
92.092  A(0.711 0.200 0.080 0 )
92.172  A(0.764 0.200 0.080 0 )
92.180  A(1.000 0.200 0.080 -1)  D(1 0.118 1 )
92.260  A(0.971 0.200 0.080 0 )
92.298  A(0.000 0.200 0.080 -1)  D(0 0.234 1 )
92.378  A(0.075 0.200 0.080 0 )
92.458  A(0.866 0.200 0.080 1 )  D(0 0.120 -1)
92.538  A(0.901 0.200 0.080 0 )
92.578  A(1.000 0.200 0.080 -1)  D(1 0.160 1 )
92.658  A(0.710 0.200 0.080 0 )
92.738  A(0.000 0.200 0.080 -1)  D(0 0.191 1 )
92.818  A(0.287 0.200 0.080 1 )  D(0 0.155 -1)
92.898  A(0.067 0.200 0.080 1 )  D(0 0.131 -1)
92.978  A(0.993 0.200 0.080 1 )  D(0 0.109 -1)
93.058  A(0.050 0.200 0.080 1 )  D(0 0.276 -1)
93.138  A(0.478 0.200 0.080 1 )  D(0 0.223 -1)
93.218  A(0.369 0.200 0.080 0 )
93.298  A(0.049 0.200 0.080 1 )  D(0 0.185 -1)
93.378  A(0.397 0.200 0.080 1 )  D(0 0.105 -1)
93.458  A(0.481 0.200 0.080 0 )
93.483  A(1.000 0.200 0.080 -1)  D(1 0.213 1 )
93.563  A(0.755 0.200 0.080 0 )
93.643  A(0.410 0.200 0.080 0 )
93.696  A(0.000 0.200 0.080 -1)  D(0 0.163 1 )
93.776  A(0.010 0.200 0.080 0 )
93.856  A(0.750 0.200 0.080 1 )  D(0 0.184 -1)
93.936  A(0.975 0.200 0.080 0 )
94.016  A(0.339 0.200 0.080 0 )
94.040  A(1.000 0.200 0.080 -1)  D(1 0.145 1 )
94.120  A(0.500 0.200 0.080 0 )
94.185  A(0.000 0.200 0.080 -1)  D(0 0.222 1 )
94.265  A(0.707 0.200 0.080 1 )  D(0 0.261 -1)
94.345  A(0.278 0.200 0.080 0 )
94.425  A(0.017 0.200 0.080 1 )  D(0 0.192 -1)
94.505  A(0.195 0.200 0.080 0 )
94.585  A(0.453 0.200 0.080 1 )  D(0 0.246 -1)
94.665  A(0.054 0.200 0.080 1 )  D(0 0.133 -1)
94.745  A(0.438 0.200 0.080 1 )  D(0 0.130 -1)
94.825  A(0.796 0.200 0.080 0 )
94.875  A(1.000 0.200 0.080 -1)  D(1 0.277 1 )
94.955  A(0.633 0.200 0.080 0 )
95.035  A(0.892 0.200 0.080 0 )
95.115  A(0.299 0.200 0.080 0 )
95.152  A(0.000 0.200 0.080 -1)  D(0 0.119 1 )
95.232  A(0.467 0.200 0.080 1 )  D(0 0.250 -1)
95.312  A(0.918 0.200 0.080 0 )
95.392  A(0.348 0.200 0.080 0 )
95.472  A(0.777 0.200 0.080 0 )
95.482  A(1.000 0.200 0.080 -1)  D(1 0.136 1 )
95.562  A(0.189 0.200 0.080 1 )  D(0 0.171 -1)
95.642  A(0.611 0.200 0.080 1 )  D(0 0.126 -1)
95.722  A(0.297 0.200 0.080 0 )
95.768  A(1.000 0.200 0.080 -1)  D(1 0.245 1 )
95.848  A(0.345 0.200 0.080 0 )
95.928  A(0.803 0.200 0.080 0 )
96.008  A(0.943 0.200 0.080 0 )
96.013  A(0.000 0.200 0.080 -1)  D(0 0.112 1 )
96.093  A(0.317 0.200 0.080 1 )  D(0 0.205 -1)
96.173  A(0.109 0.200 0.080 1 )  D(0 0.177 -1)
96.253  A(0.341 0.200 0.080 1 )  D(0 0.130 -1)
96.333  A(0.536 0.200 0.080 0 )
96.383  A(1.000 0.200 0.080 -1)  D(1 0.275 1 )
96.463  A(0.752 0.200 0.080 0 )
96.543  A(0.023 0.200 0.080 1 )  D(0 0.249 -1)
96.623  A(0.774 0.200 0.080 1 )  D(0 0.149 -1)
96.703  A(0.868 0.200 0.080 0 )
96.772  A(1.000 0.200 0.080 -1)  D(1 0.285 1 )
96.852  A(0.147 0.200 0.080 1 )  D(0 0.168 -1)
96.932  A(0.315 0.200 0.080 1 )  D(0 0.207 -1)
97.012  A(0.087 0.200 0.080 1 )  D(0 0.279 -1)
97.092  A(0.322 0.200 0.080 1 )  D(0 0.228 -1)
97.172  A(0.129 0.200 0.080 1 )  D(0 0.107 -1)
97.252  A(0.303 0.200 0.080 1 )  D(0 0.259 -1)
97.332  A(0.860 0.200 0.080 0 )
97.412  A(0.864 0.200 0.080 0 )
97.492  A(0.993 0.200 0.080 0 )
97.511  A(1.000 0.200 0.080 -1)  D(1 0.117 1 )
97.591  A(0.833 0.200 0.080 0 )
97.628  A(0.000 0.200 0.080 -1)  D(0 0.139 1 )
97.708  A(0.169 0.200 0.080 0 )
97.767  A(1.000 0.200 0.080 -1)  D(1 0.201 1 )
97.847  A(0.844 0.200 0.080 0 )
97.927  A(0.625 0.200 0.080 0 )
97.968  A(0.000 0.200 0.080 -1)  D(0 0.223 1 )
98.048  A(0.410 0.200 0.080 1 )  D(0 0.255 -1)
98.128  A(0.932 0.200 0.080 0 )
98.208  A(0.134 0.200 0.080 1 )  D(0 0.295 -1)
98.288  A(0.602 0.200 0.080 1 )  D(0 0.289 -1)
98.368  A(0.512 0.200 0.080 0 )
98.448  A(0.753 0.200 0.080 0 )
98.528  A(0.961 0.200 0.080 0 )
98.577  A(1.000 0.200 0.080 -1)  D(1 0.185 1 )
98.657  A(0.513 0.200 0.080 0 )
98.737  A(0.631 0.200 0.080 0 )
98.762  A(0.000 0.200 0.080 -1)  D(0 0.273 1 )
98.842  A(0.033 0.200 0.080 0 )
98.922  A(0.576 0.200 0.080 1 )  D(0 0.134 -1)
99.002  A(0.463 0.200 0.080 0 )
99.056  A(1.000 0.200 0.080 -1)  D(1 0.128 1 )
99.136  A(0.873 0.200 0.080 0 )
99.184  A(0.000 0.200 0.080 -1)  D(0 0.177 1 )
99.264  A(0.377 0.200 0.080 1 )  D(0 0.211 -1)
99.344  A(0.653 0.200 0.080 0 )
99.424  A(0.418 0.200 0.080 0 )
99.475  A(1.000 0.200 0.080 -1)  D(1 0.164 1 )
99.555  A(0.042 0.200 0.080 1 )  D(0 0.146 -1)
99.635  A(0.824 0.200 0.080 1 )  D(0 0.146 -1)
99.715  A(0.363 0.200 0.080 0 )
99.781  A(1.000 0.200 0.080 -1)  D(1 0.113 1 )
99.861  A(0.309 0.200 0.080 0 )
99.894  A(0.000 0.200 0.080 -1)  D(0 0.159 1 )
99.974  A(0.819 0.200 0.080 1 )  D(0 0.241 -1)
100.000  FINISH
