0.000  A(0.710 0.100 0.060 0 )
0.060  A(0.044 0.100 0.060 1 )  D(0 0.294 -1)
0.120  A(0.280 0.100 0.060 1 )  D(0 0.221 -1)
0.180  A(0.313 0.100 0.060 0 )
0.240  A(0.146 0.100 0.060 0 )
0.300  A(0.324 0.100 0.060 0 )
0.341  A(0.169 0.100 0.060 -1)  D(1 0.220 1 )
0.401  A(0.544 0.100 0.060 0 )
0.461  A(0.490 0.100 0.060 0 )
0.521  A(0.480 0.100 0.060 0 )
0.561  A(1.000 0.100 0.060 -1)  D(1 0.278 1 )
0.741  A(0.086 0.100 0.060 1 )  D(0 0.263 -1)
0.801  A(0.768 0.100 0.060 1 )  D(1 0.196 -1)
0.981  A(0.010 0.100 0.060 1 )  D(0 0.257 -1)
1.041  A(0.475 0.100 0.060 1 )  D(1 0.127 -1)
1.101  A(0.323 0.100 0.060 0 )
1.161  A(0.217 0.100 0.060 0 )
1.168  A(0.425 0.100 0.060 -1)  D(1 0.232 1 )
1.348  A(0.097 0.100 0.060 1 )  D(0 0.238 -1)
1.408  A(0.467 0.100 0.060 1 )  D(1 0.144 -1)
1.468  A(0.205 0.100 0.060 0 )
1.528  A(0.801 0.100 0.060 0 )
1.552  A(0.059 0.100 0.060 -1)  D(1 0.242 1 )
1.612  A(0.176 0.100 0.060 1 )  D(1 0.253 -1)
1.672  A(0.245 0.100 0.060 0 )
1.732  A(0.661 0.100 0.060 0 )
1.792  A(0.528 0.100 0.060 0 )
1.852  A(0.504 0.100 0.060 0 )
1.865  A(0.258 0.100 0.060 -1)  D(1 0.274 1 )
1.925  A(0.968 0.100 0.060 0 )
1.985  A(0.859 0.100 0.060 0 )
2.000  FINISH
