0.000  A(0.917 0.200 0.080 0 )
0.080  A(0.656 0.200 0.080 0 )
0.160  A(0.488 0.200 0.080 0 )
0.240  A(0.530 0.200 0.080 0 )
0.320  A(0.597 0.200 0.080 0 )
0.400  A(0.182 0.200 0.080 1 )  D(0 0.132 -1)
0.480  A(0.583 0.200 0.080 1 )  D(0 0.149 -1)
0.560  A(0.652 0.200 0.080 0 )
0.629  A(1.000 0.200 0.080 -1)  D(1 0.260 1 )
0.709  A(0.739 0.200 0.080 0 )
0.789  A(0.538 0.200 0.080 0 )
0.869  A(0.130 0.200 0.080 1 )  D(0 0.112 -1)
0.949  A(0.915 0.200 0.080 1 )  D(0 0.108 -1)
1.029  A(0.596 0.200 0.080 0 )
1.057  A(1.000 0.200 0.080 -1)  D(1 0.246 1 )
1.137  A(0.204 0.200 0.080 0 )
1.217  A(0.677 0.200 0.080 0 )
1.297  A(0.974 0.200 0.080 0 )
1.303  A(0.000 0.200 0.080 -1)  D(0 0.224 1 )
1.383  A(0.780 0.200 0.080 1 )  D(0 0.280 -1)
1.463  A(0.581 0.200 0.080 0 )
1.543  A(0.518 0.200 0.080 0 )
1.623  A(0.176 0.200 0.080 1 )  D(0 0.241 -1)
1.703  A(0.887 0.200 0.080 1 )  D(0 0.289 -1)
1.783  A(0.822 0.200 0.080 0 )
1.863  A(0.760 0.200 0.080 0 )
1.943  A(0.284 0.200 0.080 0 )
1.992  A(1.000 0.200 0.080 -1)  D(1 0.254 1 )
2.072  A(0.354 0.200 0.080 0 )
2.152  A(0.554 0.200 0.080 0 )
2.232  A(0.325 0.200 0.080 0 )
2.246  A(0.000 0.200 0.080 -1)  D(0 0.221 1 )
2.326  A(0.753 0.200 0.080 1 )  D(0 0.176 -1)
2.406  A(0.827 0.200 0.080 0 )
2.486  A(0.697 0.200 0.080 0 )
2.502  A(1.000 0.200 0.080 -1)  D(1 0.161 1 )
2.582  A(0.971 0.200 0.080 0 )
2.662  A(0.916 0.200 0.080 0 )
2.663  A(0.000 0.200 0.080 -1)  D(0 0.238 1 )
2.743  A(0.717 0.200 0.080 1 )  D(0 0.185 -1)
2.823  A(0.181 0.200 0.080 1 )  D(0 0.260 -1)
2.903  A(0.448 0.200 0.080 1 )  D(0 0.283 -1)
2.983  A(0.121 0.200 0.080 1 )  D(0 0.220 -1)
3.063  A(0.963 0.200 0.080 1 )  D(0 0.152 -1)
3.143  A(0.775 0.200 0.080 0 )
3.215  A(1.000 0.200 0.080 -1)  D(1 0.268 1 )
3.295  A(0.027 0.200 0.080 1 )  D(0 0.207 -1)
3.375  A(0.095 0.200 0.080 0 )
3.455  A(0.627 0.200 0.080 1 )  D(0 0.191 -1)
3.535  A(0.160 0.200 0.080 1 )  D(0 0.204 -1)
3.615  A(0.733 0.200 0.080 1 )  D(0 0.171 -1)
3.695  A(0.942 0.200 0.080 0 )
3.775  A(0.247 0.200 0.080 0 )
3.786  A(1.000 0.200 0.080 -1)  D(1 0.236 1 )
3.866  A(0.454 0.200 0.080 0 )
3.946  A(0.724 0.200 0.080 0 )
4.022  A(0.000 0.200 0.080 -1)  D(0 0.267 1 )
4.102  A(0.939 0.200 0.080 1 )  D(0 0.132 -1)
4.182  A(0.061 0.200 0.080 1 )  D(0 0.157 -1)
4.262  A(0.266 0.200 0.080 1 )  D(0 0.206 -1)
4.342  A(0.735 0.200 0.080 0 )
4.422  A(0.847 0.200 0.080 0 )
4.468  A(1.000 0.200 0.080 -1)  D(1 0.295 1 )
4.548  A(0.417 0.200 0.080 0 )
4.628  A(0.217 0.200 0.080 0 )
4.708  A(0.936 0.200 0.080 0 )
4.763  A(0.000 0.200 0.080 -1)  D(0 0.157 1 )
4.843  A(0.480 0.200 0.080 1 )  D(0 0.138 -1)
4.923  A(0.505 0.200 0.080 0 )
4.981  A(1.000 0.200 0.080 -1)  D(1 0.186 1 )
5.061  A(0.259 0.200 0.080 0 )
5.141  A(0.617 0.200 0.080 0 )
5.167  A(0.000 0.200 0.080 -1)  D(0 0.228 1 )
5.247  A(0.452 0.200 0.080 1 )  D(0 0.154 -1)
5.327  A(0.055 0.200 0.080 1 )  D(0 0.270 -1)
5.407  A(0.686 0.200 0.080 1 )  D(0 0.162 -1)
5.487  A(0.698 0.200 0.080 0 )
5.567  A(0.696 0.200 0.080 0 )
5.569  A(1.000 0.200 0.080 -1)  D(1 0.244 1 )
5.649  A(0.935 0.200 0.080 0 )
5.729  A(0.760 0.200 0.080 0 )
5.809  A(0.200 0.200 0.080 1 )  D(1 0.254 -1)
5.889  A(0.940 0.200 0.080 1 )  D(0 0.173 -1)
5.969  A(0.607 0.200 0.080 0 )
6.049  A(0.837 0.200 0.080 0 )
6.062  A(0.000 0.200 0.080 -1)  D(0 0.260 1 )
6.142  A(0.810 0.200 0.080 1 )  D(0 0.225 -1)
6.222  A(0.384 0.200 0.080 0 )
6.302  A(0.822 0.200 0.080 0 )
6.367  A(1.000 0.200 0.080 -1)  D(1 0.237 1 )
6.447  A(0.128 0.200 0.080 1 )  D(0 0.226 -1)
6.527  A(0.875 0.200 0.080 1 )  D(0 0.161 -1)
6.607  A(0.824 0.200 0.080 0 )
6.687  A(0.707 0.200 0.080 0 )
6.688  A(1.000 0.200 0.080 -1)  D(1 0.206 1 )
6.768  A(0.157 0.200 0.080 1 )  D(0 0.160 -1)
6.848  A(0.340 0.200 0.080 1 )  D(0 0.166 -1)
6.928  A(0.403 0.200 0.080 0 )
7.008  A(0.210 0.200 0.080 0 )
7.014  A(1.000 0.200 0.080 -1)  D(1 0.250 1 )
7.094  A(0.610 0.200 0.080 0 )
7.174  A(0.722 0.200 0.080 0 )
7.254  A(0.150 0.200 0.080 1 )  D(0 0.236 -1)
7.334  A(0.070 0.200 0.080 0 )
7.414  A(0.839 0.200 0.080 1 )  D(0 0.109 -1)
7.494  A(0.902 0.200 0.080 0 )
7.523  A(1.000 0.200 0.080 -1)  D(1 0.101 1 )
7.603  A(0.281 0.200 0.080 0 )
7.624  A(0.000 0.200 0.080 -1)  D(0 0.249 1 )
7.704  A(0.546 0.200 0.080 1 )  D(0 0.194 -1)
7.784  A(0.330 0.200 0.080 0 )
7.864  A(0.909 0.200 0.080 0 )
7.898  A(1.000 0.200 0.080 -1)  D(1 0.207 1 )
7.978  A(0.042 0.200 0.080 1 )  D(0 0.171 -1)
8.058  A(0.361 0.200 0.080 1 )  D(0 0.152 -1)
8.138  A(0.773 0.200 0.080 0 )
8.210  A(1.000 0.200 0.080 -1)  D(1 0.232 1 )
8.290  A(0.359 0.200 0.080 0 )
8.370  A(0.864 0.200 0.080 0 )
8.442  A(0.000 0.200 0.080 -1)  D(0 0.113 1 )
8.522  A(0.299 0.200 0.080 1 )  D(0 0.106 -1)
8.602  A(0.237 0.200 0.080 0 )
8.628  A(1.000 0.200 0.080 -1)  D(1 0.254 1 )
8.708  A(0.067 0.200 0.080 1 )  D(0 0.194 -1)
8.788  A(0.826 0.200 0.080 1 )  D(0 0.163 -1)
8.868  A(0.738 0.200 0.080 0 )
8.948  A(0.830 0.200 0.080 0 )
8.951  A(1.000 0.200 0.080 -1)  D(1 0.284 1 )
9.031  A(0.339 0.200 0.080 0 )
9.111  A(0.131 0.200 0.080 1 )  D(0 0.268 -1)
9.191  A(0.984 0.200 0.080 1 )  D(0 0.151 -1)
9.271  A(0.731 0.200 0.080 0 )
9.342  A(1.000 0.200 0.080 -1)  D(1 0.275 1 )
9.422  A(0.208 0.200 0.080 0 )
9.502  A(0.245 0.200 0.080 0 )
9.582  A(0.437 0.200 0.080 0 )
9.617  A(0.000 0.200 0.080 -1)  D(0 0.186 1 )
9.697  A(0.593 0.200 0.080 1 )  D(0 0.166 -1)
9.777  A(0.225 0.200 0.080 0 )
9.857  A(0.446 0.200 0.080 0 )
9.863  A(1.000 0.200 0.080 -1)  D(1 0.242 1 )
9.943  A(0.650 0.200 0.080 0 )
10.023  A(0.269 0.200 0.080 0 )
10.103  A(0.238 0.200 0.080 0 )
10.105  A(0.000 0.200 0.080 -1)  D(0 0.145 1 )
10.185  A(0.222 0.200 0.080 1 )  D(0 0.129 -1)
10.265  A(0.985 0.200 0.080 0 )
10.314  A(1.000 0.200 0.080 -1)  D(1 0.191 1 )
10.394  A(0.780 0.200 0.080 0 )
10.474  A(0.100 0.200 0.080 1 )  D(0 0.184 -1)
10.554  A(0.339 0.200 0.080 1 )  D(0 0.184 -1)
10.634  A(0.472 0.200 0.080 0 )
10.714  A(0.964 0.200 0.080 0 )
10.738  A(1.000 0.200 0.080 -1)  D(1 0.276 1 )
10.818  A(0.545 0.200 0.080 0 )
10.898  A(0.886 0.200 0.080 0 )
10.978  A(0.178 0.200 0.080 1 )  D(0 0.146 -1)
11.058  A(0.778 0.200 0.080 1 )  D(0 0.269 -1)
11.138  A(0.094 0.200 0.080 1 )  D(0 0.112 -1)
11.218  A(0.069 0.200 0.080 0 )
11.250  A(1.000 0.200 0.080 -1)  D(1 0.185 1 )
11.330  A(0.422 0.200 0.080 0 )
11.410  A(0.934 0.200 0.080 0 )
11.435  A(0.000 0.200 0.080 -1)  D(0 0.269 1 )
11.515  A(0.175 0.200 0.080 0 )
11.595  A(0.605 0.200 0.080 1 )  D(0 0.257 -1)
11.675  A(0.644 0.200 0.080 0 )
11.755  A(0.442 0.200 0.080 0 )
11.835  A(0.859 0.200 0.080 0 )
11.852  A(1.000 0.200 0.080 -1)  D(1 0.109 1 )
11.932  A(0.738 0.200 0.080 0 )
11.961  A(0.000 0.200 0.080 -1)  D(0 0.188 1 )
12.041  A(0.410 0.200 0.080 1 )  D(0 0.253 -1)
12.121  A(0.662 0.200 0.080 0 )
12.201  A(0.830 0.200 0.080 0 )
12.281  A(0.585 0.200 0.080 0 )
12.294  A(1.000 0.200 0.080 -1)  D(1 0.299 1 )
12.374  A(0.147 0.200 0.080 1 )  D(0 0.120 -1)
12.454  A(0.299 0.200 0.080 1 )  D(0 0.141 -1)
12.534  A(0.158 0.200 0.080 1 )  D(0 0.226 -1)
12.614  A(0.581 0.200 0.080 1 )  D(0 0.256 -1)
12.694  A(0.736 0.200 0.080 0 )
12.774  A(0.500 0.200 0.080 0 )
12.854  A(0.840 0.200 0.080 0 )
12.870  A(1.000 0.200 0.080 -1)  D(1 0.212 1 )
12.950  A(0.633 0.200 0.080 0 )
13.030  A(0.117 0.200 0.080 1 )  D(0 0.222 -1)
13.110  A(0.929 0.200 0.080 1 )  D(0 0.148 -1)
13.190  A(0.318 0.200 0.080 0 )
13.258  A(1.000 0.200 0.080 -1)  D(1 0.129 1 )
13.338  A(0.572 0.200 0.080 0 )
13.387  A(0.000 0.200 0.080 -1)  D(0 0.191 1 )
13.467  A(0.775 0.200 0.080 1 )  D(0 0.113 -1)
13.547  A(0.715 0.200 0.080 0 )
13.580  A(1.000 0.200 0.080 -1)  D(1 0.220 1 )
13.660  A(0.117 0.200 0.080 1 )  D(0 0.131 -1)
13.740  A(0.029 0.200 0.080 0 )
13.791  A(1.000 0.200 0.080 -1)  D(1 0.290 1 )
13.871  A(0.256 0.200 0.080 0 )
13.951  A(0.265 0.200 0.080 0 )
14.031  A(0.089 0.200 0.080 1 )  D(0 0.290 -1)
14.111  A(0.173 0.200 0.080 0 )
14.191  A(0.743 0.200 0.080 1 )  D(0 0.219 -1)
14.271  A(0.853 0.200 0.080 0 )
14.351  A(0.462 0.200 0.080 0 )
14.410  A(1.000 0.200 0.080 -1)  D(1 0.278 1 )
14.490  A(0.472 0.200 0.080 0 )
14.570  A(0.452 0.200 0.080 0 )
14.650  A(0.370 0.200 0.080 0 )
14.688  A(0.000 0.200 0.080 -1)  D(0 0.184 1 )
14.768  A(0.605 0.200 0.080 1 )  D(0 0.177 -1)
14.848  A(0.452 0.200 0.080 0 )
14.928  A(0.216 0.200 0.080 0 )
14.945  A(1.000 0.200 0.080 -1)  D(1 0.285 1 )
15.025  A(0.413 0.200 0.080 0 )
15.105  A(0.917 0.200 0.080 0 )
15.185  A(0.026 0.200 0.080 1 )  D(0 0.134 -1)
15.265  A(0.501 0.200 0.080 1 )  D(0 0.284 -1)
15.345  A(0.286 0.200 0.080 0 )
15.425  A(0.025 0.200 0.080 1 )  D(0 0.105 -1)
15.505  A(0.274 0.200 0.080 1 )  D(0 0.153 -1)
15.585  A(0.069 0.200 0.080 1 )  D(0 0.241 -1)
15.665  A(0.618 0.200 0.080 1 )  D(0 0.283 -1)
15.745  A(0.041 0.200 0.080 1 )  D(0 0.155 -1)
15.825  A(0.325 0.200 0.080 1 )  D(0 0.228 -1)
15.905  A(0.440 0.200 0.080 0 )
15.985  A(0.437 0.200 0.080 0 )
16.053  A(1.000 0.200 0.080 -1)  D(1 0.267 1 )
16.133  A(0.872 0.200 0.080 0 )
16.213  A(0.305 0.200 0.080 0 )
16.293  A(0.368 0.200 0.080 0 )
16.320  A(0.000 0.200 0.080 -1)  D(0 0.112 1 )
16.400  A(0.707 0.200 0.080 1 )  D(0 0.197 -1)
16.480  A(0.684 0.200 0.080 0 )
16.560  A(0.268 0.200 0.080 0 )
16.597  A(1.000 0.200 0.080 -1)  D(1 0.241 1 )
16.677  A(0.845 0.200 0.080 0 )
16.757  A(0.312 0.200 0.080 0 )
16.837  A(0.185 0.200 0.080 1 )  D(0 0.250 -1)
16.917  A(0.592 0.200 0.080 1 )  D(0 0.287 -1)
16.997  A(0.683 0.200 0.080 0 )
17.077  A(0.412 0.200 0.080 0 )
17.157  A(0.691 0.200 0.080 0 )
17.204  A(1.000 0.200 0.080 -1)  D(1 0.206 1 )
17.284  A(0.029 0.200 0.080 1 )  D(0 0.159 -1)
17.364  A(0.023 0.200 0.080 0 )
17.443  A(1.000 0.200 0.080 -1)  D(1 0.192 1 )
17.523  A(0.650 0.200 0.080 0 )
17.603  A(0.464 0.200 0.080 0 )
17.635  A(0.000 0.200 0.080 -1)  D(0 0.231 1 )
17.715  A(0.711 0.200 0.080 1 )  D(0 0.266 -1)
17.795  A(0.577 0.200 0.080 0 )
17.875  A(0.727 0.200 0.080 0 )
17.955  A(0.872 0.200 0.080 0 )
17.981  A(1.000 0.200 0.080 -1)  D(1 0.148 1 )
18.061  A(0.280 0.200 0.080 0 )
18.129  A(0.000 0.200 0.080 -1)  D(0 0.101 1 )
18.209  A(0.911 0.200 0.080 1 )  D(0 0.163 -1)
18.289  A(0.859 0.200 0.080 0 )
18.369  A(0.639 0.200 0.080 0 )
18.372  A(1.000 0.200 0.080 -1)  D(1 0.253 1 )
18.452  A(0.810 0.200 0.080 0 )
18.532  A(0.387 0.200 0.080 0 )
18.612  A(0.745 0.200 0.080 0 )
18.625  A(0.000 0.200 0.080 -1)  D(0 0.290 1 )
18.705  A(0.378 0.200 0.080 1 )  D(0 0.277 -1)
18.785  A(0.942 0.200 0.080 0 )
18.865  A(0.121 0.200 0.080 1 )  D(0 0.261 -1)
18.945  A(0.585 0.200 0.080 1 )  D(0 0.200 -1)
19.025  A(0.365 0.200 0.080 0 )
19.105  A(0.729 0.200 0.080 0 )
19.145  A(1.000 0.200 0.080 -1)  D(1 0.166 1 )
19.225  A(0.641 0.200 0.080 0 )
19.305  A(0.093 0.200 0.080 1 )  D(0 0.165 -1)
19.385  A(0.041 0.200 0.080 0 )
19.465  A(0.786 0.200 0.080 1 )  D(0 0.231 -1)
19.545  A(0.810 0.200 0.080 0 )
19.625  A(0.417 0.200 0.080 0 )
19.696  A(1.000 0.200 0.080 -1)  D(1 0.295 1 )
19.776  A(0.422 0.200 0.080 0 )
19.856  A(0.087 0.200 0.080 1 )  D(0 0.249 -1)
19.936  A(0.244 0.200 0.080 1 )  D(0 0.199 -1)
20.016  A(0.277 0.200 0.080 0 )
20.096  A(0.648 0.200 0.080 0 )
20.135  A(1.000 0.200 0.080 -1)  D(1 0.144 1 )
20.215  A(0.039 0.200 0.080 1 )  D(0 0.153 -1)
20.295  A(0.037 0.200 0.080 0 )
20.368  A(1.000 0.200 0.080 -1)  D(1 0.259 1 )
20.448  A(0.296 0.200 0.080 0 )
20.528  A(0.633 0.200 0.080 0 )
20.608  A(0.908 0.200 0.080 0 )
20.627  A(0.000 0.200 0.080 -1)  D(0 0.134 1 )
20.707  A(0.213 0.200 0.080 1 )  D(0 0.202 -1)
20.787  A(0.260 0.200 0.080 0 )
20.867  A(0.068 0.200 0.080 1 )  D(0 0.248 -1)
20.947  A(0.686 0.200 0.080 1 )  D(0 0.131 -1)
21.027  A(0.796 0.200 0.080 0 )
21.078  A(1.000 0.200 0.080 -1)  D(1 0.256 1 )
21.158  A(0.326 0.200 0.080 0 )
21.238  A(0.120 0.200 0.080 1 )  D(0 0.142 -1)
21.318  A(0.654 0.200 0.080 1 )  D(0 0.195 -1)
21.398  A(0.675 0.200 0.080 0 )
21.478  A(0.513 0.200 0.080 0 )
21.513  A(1.000 0.200 0.080 -1)  D(1 0.177 1 )
21.593  A(0.502 0.200 0.080 0 )
21.673  A(0.554 0.200 0.080 0 )
21.690  A(0.000 0.200 0.080 -1)  D(0 0.276 1 )
21.770  A(0.932 0.200 0.080 1 )  D(0 0.223 -1)
21.850  A(0.779 0.200 0.080 0 )
21.930  A(0.619 0.200 0.080 0 )
21.993  A(1.000 0.200 0.080 -1)  D(1 0.117 1 )
22.073  A(0.968 0.200 0.080 0 )
22.110  A(0.000 0.200 0.080 -1)  D(0 0.283 1 )
22.190  A(0.480 0.200 0.080 1 )  D(0 0.278 -1)
22.270  A(0.414 0.200 0.080 0 )
22.350  A(0.345 0.200 0.080 0 )
22.430  A(0.432 0.200 0.080 0 )
22.468  A(1.000 0.200 0.080 -1)  D(1 0.142 1 )
22.548  A(0.226 0.200 0.080 0 )
22.610  A(0.000 0.200 0.080 -1)  D(0 0.286 1 )
22.690  A(0.796 0.200 0.080 1 )  D(0 0.243 -1)
22.770  A(0.988 0.200 0.080 0 )
22.850  A(0.717 0.200 0.080 0 )
22.930  A(0.633 0.200 0.080 0 )
22.933  A(1.000 0.200 0.080 -1)  D(1 0.217 1 )
23.013  A(0.981 0.200 0.080 0 )
23.093  A(0.612 0.200 0.080 0 )
23.150  A(0.000 0.200 0.080 -1)  D(0 0.298 1 )
23.230  A(0.466 0.200 0.080 1 )  D(0 0.273 -1)
23.310  A(0.308 0.200 0.080 0 )
23.390  A(0.882 0.200 0.080 0 )
23.470  A(0.332 0.200 0.080 0 )
23.503  A(1.000 0.200 0.080 -1)  D(1 0.257 1 )
23.583  A(0.547 0.200 0.080 0 )
23.663  A(0.642 0.200 0.080 0 )
23.743  A(0.503 0.200 0.080 0 )
23.760  A(0.000 0.200 0.080 -1)  D(0 0.154 1 )
23.840  A(0.006 0.200 0.080 0 )
23.914  A(1.000 0.200 0.080 -1)  D(1 0.273 1 )
23.994  A(0.206 0.200 0.080 0 )
24.074  A(0.609 0.200 0.080 0 )
24.154  A(0.974 0.200 0.080 0 )
24.187  A(0.000 0.200 0.080 -1)  D(0 0.123 1 )
24.267  A(0.068 0.200 0.080 0 )
24.310  A(1.000 0.200 0.080 -1)  D(1 0.230 1 )
24.390  A(0.245 0.200 0.080 0 )
24.470  A(0.942 0.200 0.080 0 )
24.540  A(0.000 0.200 0.080 -1)  D(0 0.244 1 )
24.620  A(0.711 0.200 0.080 1 )  D(0 0.191 -1)
24.700  A(0.250 0.200 0.080 0 )
24.780  A(0.815 0.200 0.080 0 )
24.811  A(1.000 0.200 0.080 -1)  D(1 0.185 1 )
24.891  A(0.244 0.200 0.080 0 )
24.971  A(0.320 0.200 0.080 0 )
24.996  A(0.000 0.200 0.080 -1)  D(0 0.156 1 )
25.076  A(0.915 0.200 0.080 1 )  D(0 0.125 -1)
25.156  A(0.237 0.200 0.080 0 )
25.201  A(1.000 0.200 0.080 -1)  D(1 0.294 1 )
25.281  A(0.326 0.200 0.080 0 )
25.361  A(0.910 0.200 0.080 0 )
25.441  A(0.497 0.200 0.080 0 )
25.495  A(0.000 0.200 0.080 -1)  D(0 0.212 1 )
25.575  A(0.590 0.200 0.080 1 )  D(0 0.263 -1)
25.655  A(0.172 0.200 0.080 1 )  D(0 0.198 -1)
25.735  A(0.832 0.200 0.080 1 )  D(0 0.135 -1)
25.815  A(0.876 0.200 0.080 0 )
25.870  A(1.000 0.200 0.080 -1)  D(1 0.279 1 )
25.950  A(0.548 0.200 0.080 0 )
26.030  A(0.171 0.200 0.080 1 )  D(0 0.144 -1)
26.110  A(0.584 0.200 0.080 1 )  D(0 0.203 -1)
26.190  A(0.869 0.200 0.080 0 )
26.270  A(0.065 0.200 0.080 1 )  D(0 0.213 -1)
26.350  A(0.185 0.200 0.080 0 )
26.430  A(0.204 0.200 0.080 1 )  D(0 0.218 -1)
26.510  A(0.324 0.200 0.080 0 )
26.590  A(0.344 0.200 0.080 0 )
26.648  A(1.000 0.200 0.080 -1)  D(1 0.258 1 )
26.728  A(0.267 0.200 0.080 0 )
26.808  A(0.970 0.200 0.080 0 )
26.888  A(0.368 0.200 0.080 0 )
26.906  A(0.000 0.200 0.080 -1)  D(0 0.118 1 )
26.986  A(0.770 0.200 0.080 1 )  D(0 0.152 -1)
27.066  A(0.254 0.200 0.080 0 )
27.138  A(1.000 0.200 0.080 -1)  D(1 0.246 1 )
27.218  A(0.938 0.200 0.080 0 )
27.298  A(0.038 0.200 0.080 1 )  D(0 0.277 -1)
27.378  A(0.170 0.200 0.080 0 )
27.458  A(0.807 0.200 0.080 1 )  D(0 0.183 -1)
27.538  A(0.557 0.200 0.080 0 )
27.618  A(0.948 0.200 0.080 0 )
27.641  A(1.000 0.200 0.080 -1)  D(1 0.255 1 )
27.721  A(0.677 0.200 0.080 0 )
27.801  A(0.339 0.200 0.080 0 )
27.881  A(0.278 0.200 0.080 0 )
27.896  A(0.000 0.200 0.080 -1)  D(0 0.193 1 )
27.976  A(0.770 0.200 0.080 1 )  D(0 0.293 -1)
28.056  A(0.024 0.200 0.080 1 )  D(0 0.146 -1)
28.136  A(0.602 0.200 0.080 1 )  D(0 0.187 -1)
28.216  A(0.988 0.200 0.080 0 )
28.296  A(0.781 0.200 0.080 0 )
28.323  A(1.000 0.200 0.080 -1)  D(1 0.220 1 )
28.403  A(0.313 0.200 0.080 0 )
28.483  A(0.776 0.200 0.080 0 )
28.543  A(0.000 0.200 0.080 -1)  D(0 0.116 1 )
28.623  A(0.033 0.200 0.080 0 )
28.659  A(1.000 0.200 0.080 -1)  D(1 0.239 1 )
28.739  A(0.616 0.200 0.080 0 )
28.819  A(0.754 0.200 0.080 0 )
28.898  A(0.000 0.200 0.080 -1)  D(0 0.269 1 )
28.978  A(0.305 0.200 0.080 1 )  D(0 0.247 -1)
29.058  A(0.712 0.200 0.080 0 )
29.138  A(0.078 0.200 0.080 1 )  D(0 0.141 -1)
29.218  A(0.584 0.200 0.080 1 )  D(0 0.160 -1)
29.298  A(0.773 0.200 0.080 0 )
29.378  A(0.296 0.200 0.080 0 )
29.378  A(1.000 0.200 0.080 -1)  D(1 0.223 1 )
29.458  A(0.645 0.200 0.080 0 )
29.538  A(0.310 0.200 0.080 0 )
29.601  A(0.000 0.200 0.080 -1)  D(0 0.182 1 )
29.681  A(0.430 0.200 0.080 1 )  D(0 0.222 -1)
29.761  A(0.384 0.200 0.080 0 )
29.841  A(0.413 0.200 0.080 0 )
29.903  A(1.000 0.200 0.080 -1)  D(1 0.151 1 )
29.983  A(0.001 0.200 0.080 1 )  D(0 0.189 -1)
30.063  A(0.858 0.200 0.080 1 )  D(0 0.170 -1)
30.143  A(0.655 0.200 0.080 0 )
30.223  A(0.106 0.200 0.080 1 )  D(0 0.297 -1)
30.303  A(0.897 0.200 0.080 1 )  D(0 0.232 -1)
30.383  A(0.294 0.200 0.080 0 )
30.463  A(0.215 0.200 0.080 0 )
30.535  A(1.000 0.200 0.080 -1)  D(1 0.131 1 )
30.615  A(0.308 0.200 0.080 0 )
30.666  A(0.000 0.200 0.080 -1)  D(0 0.155 1 )
30.746  A(0.622 0.200 0.080 1 )  D(0 0.186 -1)
30.826  A(0.439 0.200 0.080 0 )
30.906  A(0.620 0.200 0.080 0 )
30.932  A(1.000 0.200 0.080 -1)  D(1 0.191 1 )
31.012  A(0.585 0.200 0.080 0 )
31.092  A(0.565 0.200 0.080 0 )
31.123  A(0.000 0.200 0.080 -1)  D(0 0.203 1 )
31.203  A(0.021 0.200 0.080 0 )
31.283  A(0.732 0.200 0.080 1 )  D(0 0.198 -1)
31.363  A(0.178 0.200 0.080 1 )  D(0 0.282 -1)
31.443  A(0.375 0.200 0.080 1 )  D(0 0.101 -1)
31.523  A(0.965 0.200 0.080 0 )
31.544  A(1.000 0.200 0.080 -1)  D(1 0.232 1 )
31.624  A(0.940 0.200 0.080 0 )
31.704  A(0.396 0.200 0.080 0 )
31.776  A(0.000 0.200 0.080 -1)  D(0 0.230 1 )
31.856  A(0.200 0.200 0.080 0 )
31.936  A(0.742 0.200 0.080 1 )  D(0 0.170 -1)
32.016  A(0.042 0.200 0.080 1 )  D(0 0.129 -1)
32.096  A(0.859 0.200 0.080 1 )  D(0 0.272 -1)
32.176  A(0.320 0.200 0.080 0 )
32.256  A(0.571 0.200 0.080 0 )
32.336  A(0.396 0.200 0.080 0 )
32.368  A(1.000 0.200 0.080 -1)  D(1 0.105 1 )
32.448  A(0.511 0.200 0.080 0 )
32.473  A(0.000 0.200 0.080 -1)  D(0 0.295 1 )
32.553  A(0.581 0.200 0.080 1 )  D(0 0.158 -1)
32.633  A(0.111 0.200 0.080 1 )  D(0 0.177 -1)
32.713  A(0.682 0.200 0.080 1 )  D(0 0.155 -1)
32.793  A(0.828 0.200 0.080 0 )
32.868  A(1.000 0.200 0.080 -1)  D(1 0.229 1 )
32.948  A(0.228 0.200 0.080 0 )
33.028  A(0.950 0.200 0.080 0 )
33.097  A(0.000 0.200 0.080 -1)  D(0 0.235 1 )
33.177  A(0.202 0.200 0.080 1 )  D(0 0.152 -1)
33.257  A(0.743 0.200 0.080 0 )
33.329  A(1.000 0.200 0.080 -1)  D(1 0.102 1 )
33.409  A(0.461 0.200 0.080 0 )
33.431  A(0.000 0.200 0.080 -1)  D(0 0.180 1 )
33.511  A(0.265 0.200 0.080 1 )  D(0 0.238 -1)
33.591  A(0.484 0.200 0.080 0 )
33.671  A(0.728 0.200 0.080 0 )
33.749  A(1.000 0.200 0.080 -1)  D(1 0.272 1 )
33.829  A(0.476 0.200 0.080 0 )
33.909  A(0.284 0.200 0.080 0 )
33.989  A(0.127 0.200 0.080 1 )  D(0 0.170 -1)
34.069  A(0.543 0.200 0.080 1 )  D(0 0.271 -1)
34.149  A(0.720 0.200 0.080 0 )
34.229  A(0.437 0.200 0.080 0 )
34.309  A(0.690 0.200 0.080 0 )
34.340  A(1.000 0.200 0.080 -1)  D(1 0.126 1 )
34.420  A(0.986 0.200 0.080 0 )
34.466  A(0.000 0.200 0.080 -1)  D(0 0.214 1 )
34.546  A(0.003 0.200 0.080 0 )
34.626  A(0.003 0.200 0.080 0 )
34.680  A(1.000 0.200 0.080 -1)  D(1 0.120 1 )
34.760  A(0.785 0.200 0.080 0 )
34.800  A(0.000 0.200 0.080 -1)  D(0 0.299 1 )
34.880  A(0.305 0.200 0.080 1 )  D(0 0.202 -1)
34.960  A(0.717 0.200 0.080 0 )
35.040  A(0.071 0.200 0.080 1 )  D(0 0.262 -1)
35.120  A(0.865 0.200 0.080 1 )  D(0 0.188 -1)
35.200  A(0.200 0.200 0.080 1 )  D(0 0.156 -1)
35.280  A(0.453 0.200 0.080 1 )  D(0 0.292 -1)
35.360  A(0.849 0.200 0.080 0 )
35.440  A(0.139 0.200 0.080 1 )  D(0 0.208 -1)
35.520  A(0.113 0.200 0.080 0 )
35.600  A(0.010 0.200 0.080 0 )
35.648  A(1.000 0.200 0.080 -1)  D(1 0.162 1 )
35.728  A(0.763 0.200 0.080 0 )
35.808  A(0.473 0.200 0.080 0 )
35.810  A(0.000 0.200 0.080 -1)  D(0 0.278 1 )
35.890  A(0.847 0.200 0.080 1 )  D(0 0.245 -1)
35.970  A(0.025 0.200 0.080 1 )  D(0 0.259 -1)
36.050  A(0.883 0.200 0.080 1 )  D(0 0.191 -1)
36.130  A(0.049 0.200 0.080 1 )  D(0 0.177 -1)
36.210  A(0.715 0.200 0.080 1 )  D(0 0.224 -1)
36.290  A(0.201 0.200 0.080 0 )
36.370  A(0.699 0.200 0.080 0 )
36.434  A(1.000 0.200 0.080 -1)  D(1 0.154 1 )
36.514  A(0.982 0.200 0.080 0 )
36.588  A(0.000 0.200 0.080 -1)  D(0 0.287 1 )
36.668  A(0.202 0.200 0.080 1 )  D(0 0.106 -1)
36.748  A(0.163 0.200 0.080 1 )  D(0 0.298 -1)
36.828  A(0.432 0.200 0.080 1 )  D(0 0.131 -1)
36.908  A(0.929 0.200 0.080 0 )
36.959  A(1.000 0.200 0.080 -1)  D(1 0.172 1 )
37.039  A(0.557 0.200 0.080 0 )
37.119  A(0.103 0.200 0.080 1 )  D(0 0.215 -1)
37.199  A(0.759 0.200 0.080 1 )  D(0 0.145 -1)
37.279  A(0.771 0.200 0.080 0 )
37.344  A(1.000 0.200 0.080 -1)  D(1 0.193 1 )
37.424  A(0.945 0.200 0.080 0 )
37.504  A(0.051 0.200 0.080 1 )  D(0 0.295 -1)
37.584  A(0.847 0.200 0.080 1 )  D(0 0.251 -1)
37.664  A(0.609 0.200 0.080 0 )
37.744  A(0.113 0.200 0.080 1 )  D(0 0.176 -1)
37.824  A(0.271 0.200 0.080 1 )  D(0 0.182 -1)
37.904  A(0.165 0.200 0.080 1 )  D(0 0.181 -1)
37.984  A(0.565 0.200 0.080 1 )  D(0 0.191 -1)
38.064  A(0.842 0.200 0.080 0 )
38.144  A(0.958 0.200 0.080 0 )
38.175  A(1.000 0.200 0.080 -1)  D(1 0.235 1 )
38.255  A(0.594 0.200 0.080 0 )
38.335  A(0.737 0.200 0.080 0 )
38.410  A(0.000 0.200 0.080 -1)  D(0 0.157 1 )
38.490  A(0.152 0.200 0.080 0 )
38.567  A(1.000 0.200 0.080 -1)  D(1 0.162 1 )
38.647  A(0.295 0.200 0.080 0 )
38.727  A(0.310 0.200 0.080 0 )
38.729  A(0.000 0.200 0.080 -1)  D(0 0.292 1 )
38.809  A(0.798 0.200 0.080 1 )  D(0 0.221 -1)
38.889  A(0.249 0.200 0.080 0 )
38.969  A(0.338 0.200 0.080 0 )
39.030  A(1.000 0.200 0.080 -1)  D(1 0.274 1 )
39.110  A(0.843 0.200 0.080 0 )
39.190  A(0.859 0.200 0.080 0 )
39.270  A(0.316 0.200 0.080 0 )
39.304  A(0.000 0.200 0.080 -1)  D(0 0.204 1 )
39.384  A(0.387 0.200 0.080 1 )  D(0 0.125 -1)
39.464  A(0.286 0.200 0.080 0 )
39.509  A(1.000 0.200 0.080 -1)  D(1 0.103 1 )
39.589  A(0.789 0.200 0.080 0 )
39.612  A(0.000 0.200 0.080 -1)  D(0 0.264 1 )
39.692  A(0.598 0.200 0.080 1 )  D(0 0.242 -1)
39.772  A(0.952 0.200 0.080 0 )
39.852  A(0.402 0.200 0.080 0 )
39.932  A(0.884 0.200 0.080 0 )
39.934  A(1.000 0.200 0.080 -1)  D(1 0.275 1 )
40.014  A(0.366 0.200 0.080 0 )
40.094  A(0.719 0.200 0.080 0 )
40.174  A(0.316 0.200 0.080 0 )
40.209  A(0.000 0.200 0.080 -1)  D(0 0.260 1 )
40.289  A(0.177 0.200 0.080 0 )
40.369  A(0.825 0.200 0.080 1 )  D(0 0.160 -1)
40.449  A(0.039 0.200 0.080 1 )  D(0 0.247 -1)
40.529  A(0.384 0.200 0.080 1 )  D(0 0.129 -1)
40.609  A(0.503 0.200 0.080 0 )
40.658  A(1.000 0.200 0.080 -1)  D(1 0.298 1 )
40.738  A(0.319 0.200 0.080 0 )
40.818  A(0.377 0.200 0.080 0 )
40.898  A(0.188 0.200 0.080 1 )  D(0 0.165 -1)
40.978  A(0.976 0.200 0.080 1 )  D(0 0.223 -1)
41.058  A(0.990 0.200 0.080 0 )
41.138  A(0.314 0.200 0.080 0 )
41.201  A(1.000 0.200 0.080 -1)  D(1 0.203 1 )
41.281  A(0.584 0.200 0.080 0 )
41.361  A(0.098 0.200 0.080 1 )  D(0 0.277 -1)
41.441  A(0.501 0.200 0.080 1 )  D(0 0.164 -1)
41.521  A(0.668 0.200 0.080 0 )
41.601  A(0.499 0.200 0.080 0 )
41.605  A(1.000 0.200 0.080 -1)  D(1 0.130 1 )
41.685  A(0.994 0.200 0.080 0 )
41.735  A(0.000 0.200 0.080 -1)  D(0 0.174 1 )
41.815  A(0.426 0.200 0.080 1 )  D(0 0.105 -1)
41.895  A(0.967 0.200 0.080 0 )
41.920  A(1.000 0.200 0.080 -1)  D(1 0.219 1 )
42.000  A(0.784 0.200 0.080 0 )
42.080  A(0.878 0.200 0.080 0 )
42.139  A(0.000 0.200 0.080 -1)  D(0 0.177 1 )
42.219  A(0.326 0.200 0.080 1 )  D(0 0.133 -1)
42.299  A(0.664 0.200 0.080 0 )
42.352  A(1.000 0.200 0.080 -1)  D(1 0.232 1 )
42.432  A(0.659 0.200 0.080 0 )
42.512  A(0.229 0.200 0.080 0 )
42.584  A(0.000 0.200 0.080 -1)  D(0 0.166 1 )
42.664  A(0.185 0.200 0.080 0 )
42.744  A(0.126 0.200 0.080 0 )
42.750  A(1.000 0.200 0.080 -1)  D(1 0.269 1 )
42.830  A(0.217 0.200 0.080 0 )
42.910  A(0.701 0.200 0.080 0 )
42.990  A(0.498 0.200 0.080 0 )
43.019  A(0.000 0.200 0.080 -1)  D(0 0.150 1 )
43.099  A(0.043 0.200 0.080 0 )
43.169  A(1.000 0.200 0.080 -1)  D(1 0.257 1 )
43.249  A(0.887 0.200 0.080 0 )
43.329  A(0.038 0.200 0.080 1 )  D(0 0.151 -1)
43.409  A(0.959 0.200 0.080 1 )  D(0 0.190 -1)
43.489  A(0.419 0.200 0.080 0 )
43.569  A(0.953 0.200 0.080 0 )
43.599  A(1.000 0.200 0.080 -1)  D(1 0.138 1 )
43.679  A(0.246 0.200 0.080 0 )
43.737  A(0.000 0.200 0.080 -1)  D(0 0.180 1 )
43.817  A(0.546 0.200 0.080 1 )  D(0 0.200 -1)
43.897  A(0.183 0.200 0.080 1 )  D(0 0.232 -1)
43.977  A(0.778 0.200 0.080 1 )  D(0 0.127 -1)
44.057  A(0.726 0.200 0.080 0 )
44.104  A(1.000 0.200 0.080 -1)  D(1 0.231 1 )
44.184  A(0.786 0.200 0.080 0 )
44.264  A(0.254 0.200 0.080 0 )
44.335  A(0.000 0.200 0.080 -1)  D(0 0.269 1 )
44.415  A(0.121 0.200 0.080 0 )
44.495  A(0.694 0.200 0.080 1 )  D(0 0.259 -1)
44.575  A(0.328 0.200 0.080 0 )
44.655  A(0.997 0.200 0.080 0 )
44.735  A(0.882 0.200 0.080 0 )
44.754  A(1.000 0.200 0.080 -1)  D(1 0.149 1 )
44.834  A(0.823 0.200 0.080 0 )
44.903  A(0.000 0.200 0.080 -1)  D(0 0.149 1 )
44.983  A(0.917 0.200 0.080 1 )  D(0 0.104 -1)
45.063  A(0.147 0.200 0.080 1 )  D(0 0.151 -1)
45.143  A(0.804 0.200 0.080 1 )  D(0 0.152 -1)
45.223  A(0.372 0.200 0.080 0 )
45.295  A(1.000 0.200 0.080 -1)  D(1 0.155 1 )
45.375  A(0.781 0.200 0.080 0 )
45.450  A(0.000 0.200 0.080 -1)  D(0 0.179 1 )
45.530  A(0.209 0.200 0.080 1 )  D(0 0.226 -1)
45.610  A(0.396 0.200 0.080 0 )
45.690  A(0.226 0.200 0.080 0 )
45.756  A(1.000 0.200 0.080 -1)  D(1 0.282 1 )
45.836  A(0.016 0.200 0.080 1 )  D(0 0.165 -1)
45.916  A(0.268 0.200 0.080 1 )  D(0 0.193 -1)
45.996  A(0.581 0.200 0.080 0 )
46.076  A(0.982 0.200 0.080 0 )
46.109  A(1.000 0.200 0.080 -1)  D(1 0.189 1 )
46.189  A(0.069 0.200 0.080 1 )  D(0 0.200 -1)
46.269  A(0.422 0.200 0.080 1 )  D(0 0.280 -1)
46.349  A(0.461 0.200 0.080 0 )
46.429  A(0.404 0.200 0.080 0 )
46.509  A(0.022 0.200 0.080 1 )  D(0 0.153 -1)
46.589  A(0.109 0.200 0.080 0 )
46.662  A(1.000 0.200 0.080 -1)  D(1 0.176 1 )
46.742  A(0.327 0.200 0.080 0 )
46.822  A(0.628 0.200 0.080 0 )
46.838  A(0.000 0.200 0.080 -1)  D(0 0.126 1 )
46.918  A(0.609 0.200 0.080 1 )  D(0 0.164 -1)
46.998  A(0.997 0.200 0.080 0 )
47.078  A(0.526 0.200 0.080 0 )
47.082  A(1.000 0.200 0.080 -1)  D(1 0.274 1 )
47.162  A(0.081 0.200 0.080 1 )  D(0 0.129 -1)
47.242  A(0.724 0.200 0.080 1 )  D(0 0.218 -1)
47.322  A(0.652 0.200 0.080 0 )
47.402  A(0.236 0.200 0.080 0 )
47.460  A(1.000 0.200 0.080 -1)  D(1 0.298 1 )
47.540  A(0.683 0.200 0.080 0 )
47.620  A(0.780 0.200 0.080 0 )
47.700  A(0.192 0.200 0.080 1 )  D(0 0.298 -1)
47.780  A(0.916 0.200 0.080 1 )  D(0 0.216 -1)
47.860  A(0.859 0.200 0.080 0 )
47.940  A(0.643 0.200 0.080 0 )
47.996  A(1.000 0.200 0.080 -1)  D(1 0.295 1 )
48.076  A(0.476 0.200 0.080 0 )
48.156  A(0.856 0.200 0.080 0 )
48.236  A(0.515 0.200 0.080 0 )
48.291  A(0.000 0.200 0.080 -1)  D(0 0.209 1 )
48.371  A(0.089 0.200 0.080 0 )
48.451  A(0.315 0.200 0.080 1 )  D(0 0.180 -1)
48.531  A(0.911 0.200 0.080 0 )
48.611  A(0.523 0.200 0.080 0 )
48.631  A(1.000 0.200 0.080 -1)  D(1 0.260 1 )
48.711  A(0.668 0.200 0.080 0 )
48.791  A(0.060 0.200 0.080 1 )  D(0 0.174 -1)
48.871  A(0.530 0.200 0.080 1 )  D(0 0.273 -1)
48.951  A(0.992 0.200 0.080 0 )
49.031  A(0.680 0.200 0.080 0 )
49.111  A(0.721 0.200 0.080 0 )
49.144  A(1.000 0.200 0.080 -1)  D(1 0.251 1 )
49.224  A(0.844 0.200 0.080 0 )
49.304  A(0.780 0.200 0.080 0 )
49.384  A(0.733 0.200 0.080 0 )
49.395  A(0.000 0.200 0.080 -1)  D(0 0.284 1 )
49.475  A(0.031 0.200 0.080 0 )
49.555  A(0.824 0.200 0.080 1 )  D(0 0.204 -1)
49.635  A(0.929 0.200 0.080 0 )
49.715  A(0.234 0.200 0.080 0 )
49.759  A(1.000 0.200 0.080 -1)  D(1 0.120 1 )
49.839  A(0.715 0.200 0.080 0 )
49.879  A(0.000 0.200 0.080 -1)  D(0 0.128 1 )
49.959  A(0.877 0.200 0.080 1 )  D(0 0.116 -1)
50.039  A(0.961 0.200 0.080 0 )
50.075  A(1.000 0.200 0.080 -1)  D(1 0.112 1 )
50.155  A(0.452 0.200 0.080 0 )
50.187  A(0.000 0.200 0.080 -1)  D(0 0.173 1 )
50.267  A(0.647 0.200 0.080 1 )  D(0 0.103 -1)
50.347  A(0.442 0.200 0.080 0 )
50.370  A(1.000 0.200 0.080 -1)  D(1 0.276 1 )
50.450  A(0.762 0.200 0.080 0 )
50.530  A(0.628 0.200 0.080 0 )
50.610  A(0.316 0.200 0.080 0 )
50.646  A(0.000 0.200 0.080 -1)  D(0 0.187 1 )
50.726  A(0.767 0.200 0.080 1 )  D(0 0.196 -1)
50.806  A(0.378 0.200 0.080 0 )
50.886  A(0.905 0.200 0.080 0 )
50.922  A(1.000 0.200 0.080 -1)  D(1 0.168 1 )
51.002  A(0.532 0.200 0.080 0 )
51.082  A(0.552 0.200 0.080 0 )
51.090  A(0.000 0.200 0.080 -1)  D(0 0.222 1 )
51.170  A(0.242 0.200 0.080 1 )  D(0 0.228 -1)
51.250  A(0.850 0.200 0.080 0 )
51.330  A(0.941 0.200 0.080 0 )
51.398  A(1.000 0.200 0.080 -1)  D(1 0.285 1 )
51.478  A(0.522 0.200 0.080 0 )
51.558  A(0.695 0.200 0.080 0 )
51.638  A(0.834 0.200 0.080 0 )
51.683  A(0.000 0.200 0.080 -1)  D(0 0.290 1 )
51.763  A(0.692 0.200 0.080 1 )  D(0 0.208 -1)
51.843  A(0.644 0.200 0.080 0 )
51.923  A(0.422 0.200 0.080 0 )
51.971  A(1.000 0.200 0.080 -1)  D(1 0.102 1 )
52.051  A(0.313 0.200 0.080 0 )
52.073  A(0.000 0.200 0.080 -1)  D(0 0.195 1 )
52.153  A(0.777 0.200 0.080 1 )  D(0 0.223 -1)
52.233  A(0.365 0.200 0.080 0 )
52.313  A(0.671 0.200 0.080 0 )
52.376  A(1.000 0.200 0.080 -1)  D(1 0.194 1 )
52.456  A(0.400 0.200 0.080 0 )
52.536  A(0.099 0.200 0.080 1 )  D(0 0.200 -1)
52.616  A(0.424 0.200 0.080 1 )  D(0 0.287 -1)
52.696  A(0.211 0.200 0.080 0 )
52.776  A(0.393 0.200 0.080 0 )
52.856  A(0.670 0.200 0.080 0 )
52.903  A(1.000 0.200 0.080 -1)  D(1 0.102 1 )
52.983  A(0.215 0.200 0.080 0 )
53.005  A(0.000 0.200 0.080 -1)  D(0 0.215 1 )
53.085  A(0.826 0.200 0.080 1 )  D(0 0.292 -1)
53.165  A(0.153 0.200 0.080 1 )  D(0 0.117 -1)
53.245  A(0.929 0.200 0.080 1 )  D(0 0.285 -1)
53.325  A(0.525 0.200 0.080 0 )
53.405  A(0.024 0.200 0.080 1 )  D(0 0.285 -1)
53.485  A(0.515 0.200 0.080 1 )  D(0 0.185 -1)
53.565  A(0.224 0.200 0.080 0 )
53.645  A(0.456 0.200 0.080 0 )
53.670  A(1.000 0.200 0.080 -1)  D(1 0.287 1 )
53.750  A(0.476 0.200 0.080 0 )
53.830  A(0.123 0.200 0.080 1 )  D(0 0.216 -1)
53.910  A(0.291 0.200 0.080 1 )  D(0 0.235 -1)
53.990  A(0.001 0.200 0.080 1 )  D(0 0.177 -1)
54.070  A(0.083 0.200 0.080 0 )
54.150  A(0.891 0.200 0.080 1 )  D(0 0.192 -1)
54.230  A(0.679 0.200 0.080 0 )
54.310  A(0.748 0.200 0.080 0 )
54.342  A(1.000 0.200 0.080 -1)  D(1 0.283 1 )
54.422  A(0.750 0.200 0.080 0 )
54.502  A(0.790 0.200 0.080 0 )
54.582  A(0.332 0.200 0.080 0 )
54.625  A(0.000 0.200 0.080 -1)  D(0 0.155 1 )
54.705  A(0.167 0.200 0.080 0 )
54.780  A(1.000 0.200 0.080 -1)  D(1 0.190 1 )
54.860  A(0.763 0.200 0.080 0 )
54.940  A(0.491 0.200 0.080 0 )
54.970  A(0.000 0.200 0.080 -1)  D(0 0.128 1 )
55.050  A(1.000 0.200 0.080 1 )  D(0 0.212 -1)
55.130  A(0.604 0.200 0.080 0 )
55.210  A(0.676 0.200 0.080 0 )
55.262  A(1.000 0.200 0.080 -1)  D(1 0.241 1 )
55.342  A(0.216 0.200 0.080 0 )
55.422  A(0.340 0.200 0.080 0 )
55.502  A(0.508 0.200 0.080 0 )
55.503  A(0.000 0.200 0.080 -1)  D(0 0.129 1 )
55.583  A(0.482 0.200 0.080 1 )  D(0 0.270 -1)
55.663  A(0.265 0.200 0.080 0 )
55.743  A(0.726 0.200 0.080 0 )
55.823  A(0.560 0.200 0.080 0 )
55.853  A(1.000 0.200 0.080 -1)  D(1 0.115 1 )
55.933  A(0.922 0.200 0.080 0 )
55.968  A(0.000 0.200 0.080 -1)  D(0 0.118 1 )
56.048  A(0.983 0.200 0.080 1 )  D(0 0.106 -1)
56.128  A(0.857 0.200 0.080 0 )
56.154  A(1.000 0.200 0.080 -1)  D(1 0.185 1 )
56.234  A(0.304 0.200 0.080 0 )
56.314  A(0.980 0.200 0.080 0 )
56.339  A(0.000 0.200 0.080 -1)  D(0 0.289 1 )
56.419  A(0.290 0.200 0.080 1 )  D(0 0.166 -1)
56.499  A(0.970 0.200 0.080 0 )
56.579  A(0.790 0.200 0.080 0 )
56.585  A(1.000 0.200 0.080 -1)  D(1 0.167 1 )
56.665  A(0.847 0.200 0.080 0 )
56.745  A(0.023 0.200 0.080 1 )  D(0 0.219 -1)
56.825  A(0.560 0.200 0.080 1 )  D(0 0.175 -1)
56.905  A(0.169 0.200 0.080 1 )  D(0 0.106 -1)
56.985  A(0.854 0.200 0.080 1 )  D(0 0.257 -1)
57.065  A(0.049 0.200 0.080 1 )  D(0 0.222 -1)
57.145  A(0.094 0.200 0.080 0 )
57.225  A(0.961 0.200 0.080 1 )  D(0 0.156 -1)
57.305  A(0.363 0.200 0.080 0 )
57.381  A(1.000 0.200 0.080 -1)  D(1 0.206 1 )
57.461  A(0.736 0.200 0.080 0 )
57.541  A(0.624 0.200 0.080 0 )
57.587  A(0.000 0.200 0.080 -1)  D(0 0.173 1 )
57.667  A(0.079 0.200 0.080 0 )
57.747  A(0.681 0.200 0.080 1 )  D(0 0.117 -1)
57.827  A(0.134 0.200 0.080 1 )  D(0 0.250 -1)
57.907  A(0.242 0.200 0.080 1 )  D(0 0.166 -1)
57.987  A(0.814 0.200 0.080 0 )
58.067  A(0.524 0.200 0.080 0 )
58.073  A(1.000 0.200 0.080 -1)  D(1 0.123 1 )
58.153  A(0.446 0.200 0.080 0 )
58.196  A(0.000 0.200 0.080 -1)  D(0 0.279 1 )
58.276  A(0.706 0.200 0.080 1 )  D(0 0.208 -1)
58.356  A(0.620 0.200 0.080 0 )
58.436  A(0.678 0.200 0.080 0 )
58.484  A(1.000 0.200 0.080 -1)  D(1 0.241 1 )
58.564  A(0.902 0.200 0.080 0 )
58.644  A(0.298 0.200 0.080 0 )
58.724  A(0.791 0.200 0.080 0 )
58.725  A(0.000 0.200 0.080 -1)  D(0 0.154 1 )
58.805  A(0.886 0.200 0.080 1 )  D(0 0.103 -1)
58.885  A(0.632 0.200 0.080 0 )
58.908  A(1.000 0.200 0.080 -1)  D(1 0.196 1 )
58.988  A(0.185 0.200 0.080 1 )  D(0 0.154 -1)
59.068  A(0.304 0.200 0.080 1 )  D(0 0.210 -1)
59.148  A(0.474 0.200 0.080 0 )
59.228  A(0.938 0.200 0.080 0 )
59.278  A(1.000 0.200 0.080 -1)  D(1 0.111 1 )
59.358  A(0.970 0.200 0.080 0 )
59.389  A(0.000 0.200 0.080 -1)  D(0 0.252 1 )
59.469  A(0.581 0.200 0.080 1 )  D(0 0.159 -1)
59.549  A(0.168 0.200 0.080 1 )  D(0 0.243 -1)
59.629  A(0.735 0.200 0.080 1 )  D(0 0.165 -1)
59.709  A(0.021 0.200 0.080 1 )  D(0 0.206 -1)
59.789  A(0.795 0.200 0.080 1 )  D(0 0.141 -1)
59.869  A(0.293 0.200 0.080 0 )
59.930  A(1.000 0.200 0.080 -1)  D(1 0.102 1 )
60.010  A(0.908 0.200 0.080 0 )
60.032  A(0.000 0.200 0.080 -1)  D(0 0.261 1 )
60.112  A(0.778 0.200 0.080 1 )  D(0 0.104 -1)
60.192  A(0.448 0.200 0.080 0 )
60.216  A(1.000 0.200 0.080 -1)  D(1 0.257 1 )
60.296  A(0.910 0.200 0.080 0 )
60.376  A(0.214 0.200 0.080 0 )
60.456  A(0.410 0.200 0.080 0 )
60.473  A(0.000 0.200 0.080 -1)  D(0 0.247 1 )
60.553  A(0.133 0.200 0.080 0 )
60.633  A(0.740 0.200 0.080 1 )  D(0 0.104 -1)
60.713  A(0.703 0.200 0.080 0 )
60.737  A(1.000 0.200 0.080 -1)  D(1 0.168 1 )
60.817  A(0.205 0.200 0.080 0 )
60.897  A(0.660 0.200 0.080 0 )
60.905  A(0.000 0.200 0.080 -1)  D(0 0.126 1 )
60.985  A(0.847 0.200 0.080 1 )  D(0 0.189 -1)
61.065  A(0.177 0.200 0.080 1 )  D(0 0.221 -1)
61.145  A(0.778 0.200 0.080 1 )  D(0 0.165 -1)
61.225  A(0.558 0.200 0.080 0 )
61.305  A(0.405 0.200 0.080 0 )
61.310  A(1.000 0.200 0.080 -1)  D(1 0.169 1 )
61.390  A(0.367 0.200 0.080 0 )
61.470  A(0.463 0.200 0.080 0 )
61.479  A(0.000 0.200 0.080 -1)  D(0 0.173 1 )
61.559  A(0.028 0.200 0.080 0 )
61.639  A(0.632 0.200 0.080 1 )  D(0 0.145 -1)
61.719  A(0.532 0.200 0.080 0 )
61.784  A(1.000 0.200 0.080 -1)  D(1 0.149 1 )
61.864  A(0.733 0.200 0.080 0 )
61.933  A(0.000 0.200 0.080 -1)  D(0 0.284 1 )
62.013  A(0.304 0.200 0.080 1 )  D(0 0.124 -1)
62.093  A(0.756 0.200 0.080 0 )
62.137  A(1.000 0.200 0.080 -1)  D(1 0.213 1 )
62.217  A(0.122 0.200 0.080 1 )  D(0 0.293 -1)
62.297  A(0.926 0.200 0.080 1 )  D(0 0.108 -1)
62.377  A(0.863 0.200 0.080 0 )
62.405  A(1.000 0.200 0.080 -1)  D(1 0.173 1 )
62.485  A(0.054 0.200 0.080 1 )  D(0 0.166 -1)
62.565  A(0.947 0.200 0.080 1 )  D(0 0.253 -1)
62.645  A(0.575 0.200 0.080 0 )
62.725  A(0.282 0.200 0.080 0 )
62.805  A(0.879 0.200 0.080 0 )
62.818  A(1.000 0.200 0.080 -1)  D(1 0.116 1 )
62.898  A(0.713 0.200 0.080 0 )
62.934  A(0.000 0.200 0.080 -1)  D(0 0.200 1 )
63.014  A(0.372 0.200 0.080 1 )  D(0 0.262 -1)
63.094  A(0.381 0.200 0.080 0 )
63.174  A(0.068 0.200 0.080 1 )  D(0 0.273 -1)
63.254  A(0.328 0.200 0.080 1 )  D(0 0.239 -1)
63.334  A(0.601 0.200 0.080 0 )
63.414  A(0.994 0.200 0.080 0 )
63.493  A(1.000 0.200 0.080 -1)  D(1 0.286 1 )
63.573  A(0.733 0.200 0.080 0 )
63.653  A(0.089 0.200 0.080 1 )  D(0 0.163 -1)
63.733  A(0.690 0.200 0.080 1 )  D(0 0.252 -1)
63.813  A(0.692 0.200 0.080 0 )
63.893  A(0.570 0.200 0.080 0 )
63.973  A(0.957 0.200 0.080 0 )
63.985  A(1.000 0.200 0.080 -1)  D(1 0.217 1 )
64.065  A(0.008 0.200 0.080 1 )  D(0 0.168 -1)
64.145  A(0.110 0.200 0.080 0 )
64.225  A(0.567 0.200 0.080 1 )  D(0 0.146 -1)
64.305  A(0.061 0.200 0.080 1 )  D(0 0.114 -1)
64.385  A(0.471 0.200 0.080 1 )  D(0 0.231 -1)
64.465  A(0.634 0.200 0.080 0 )
64.545  A(0.654 0.200 0.080 0 )
64.616  A(1.000 0.200 0.080 -1)  D(1 0.182 1 )
64.696  A(0.325 0.200 0.080 0 )
64.776  A(0.386 0.200 0.080 0 )
64.798  A(0.000 0.200 0.080 -1)  D(0 0.221 1 )
64.878  A(0.408 0.200 0.080 1 )  D(0 0.240 -1)
64.958  A(0.312 0.200 0.080 0 )
65.038  A(0.757 0.200 0.080 0 )
65.118  A(1.000 0.200 0.080 -1)  D(1 0.293 1 )
65.198  A(0.805 0.200 0.080 0 )
65.278  A(0.893 0.200 0.080 0 )
65.358  A(0.513 0.200 0.080 0 )
65.411  A(0.000 0.200 0.080 -1)  D(0 0.147 1 )
65.491  A(0.730 0.200 0.080 1 )  D(0 0.251 -1)
65.571  A(1.000 0.200 0.080 0 )
65.651  A(0.665 0.200 0.080 0 )
65.731  A(0.601 0.200 0.080 0 )
65.742  A(1.000 0.200 0.080 -1)  D(1 0.264 1 )
65.822  A(0.837 0.200 0.080 0 )
65.902  A(0.868 0.200 0.080 0 )
65.982  A(0.303 0.200 0.080 0 )
66.006  A(0.000 0.200 0.080 -1)  D(0 0.273 1 )
66.086  A(0.641 0.200 0.080 1 )  D(0 0.257 -1)
66.166  A(0.719 0.200 0.080 0 )
66.246  A(0.584 0.200 0.080 0 )
66.326  A(0.028 0.200 0.080 1 )  D(0 0.209 -1)
66.406  A(0.426 0.200 0.080 1 )  D(0 0.119 -1)
66.486  A(0.663 0.200 0.080 0 )
66.525  A(1.000 0.200 0.080 -1)  D(1 0.235 1 )
66.605  A(0.973 0.200 0.080 0 )
66.685  A(0.744 0.200 0.080 0 )
66.760  A(0.000 0.200 0.080 -1)  D(0 0.109 1 )
66.840  A(0.333 0.200 0.080 1 )  D(0 0.194 -1)
66.920  A(0.260 0.200 0.080 0 )
67.000  A(0.944 0.200 0.080 0 )
67.034  A(1.000 0.200 0.080 -1)  D(1 0.123 1 )
67.114  A(0.073 0.200 0.080 1 )  D(0 0.246 -1)
67.194  A(0.614 0.200 0.080 1 )  D(0 0.274 -1)
67.274  A(0.343 0.200 0.080 0 )
67.354  A(0.276 0.200 0.080 0 )
67.434  A(0.559 0.200 0.080 0 )
67.468  A(1.000 0.200 0.080 -1)  D(1 0.154 1 )
67.548  A(0.614 0.200 0.080 0 )
67.622  A(0.000 0.200 0.080 -1)  D(0 0.281 1 )
67.702  A(0.529 0.200 0.080 1 )  D(0 0.231 -1)
67.782  A(0.837 0.200 0.080 0 )
67.862  A(0.072 0.200 0.080 1 )  D(0 0.126 -1)
67.942  A(0.456 0.200 0.080 1 )  D(0 0.261 -1)
68.022  A(0.802 0.200 0.080 0 )
68.102  A(0.498 0.200 0.080 0 )
68.182  A(0.812 0.200 0.080 0 )
68.203  A(1.000 0.200 0.080 -1)  D(1 0.208 1 )
68.283  A(0.872 0.200 0.080 0 )
68.363  A(0.474 0.200 0.080 0 )
68.411  A(0.000 0.200 0.080 -1)  D(0 0.133 1 )
68.491  A(0.992 0.200 0.080 1 )  D(0 0.160 -1)
68.571  A(0.010 0.200 0.080 1 )  D(0 0.145 -1)
68.651  A(0.685 0.200 0.080 1 )  D(0 0.174 -1)
68.731  A(0.676 0.200 0.080 0 )
68.811  A(0.825 0.200 0.080 0 )
68.825  A(1.000 0.200 0.080 -1)  D(1 0.117 1 )
68.905  A(0.995 0.200 0.080 0 )
68.942  A(0.000 0.200 0.080 -1)  D(0 0.279 1 )
69.022  A(0.056 0.200 0.080 0 )
69.102  A(0.853 0.200 0.080 1 )  D(0 0.107 -1)
69.182  A(0.563 0.200 0.080 0 )
69.209  A(1.000 0.200 0.080 -1)  D(1 0.172 1 )
69.289  A(0.211 0.200 0.080 0 )
69.369  A(0.880 0.200 0.080 0 )
69.381  A(0.000 0.200 0.080 -1)  D(0 0.244 1 )
69.461  A(0.954 0.200 0.080 1 )  D(0 0.166 -1)
69.541  A(0.094 0.200 0.080 1 )  D(0 0.189 -1)
69.621  A(0.704 0.200 0.080 1 )  D(0 0.262 -1)
69.701  A(0.728 0.200 0.080 0 )
69.781  A(0.423 0.200 0.080 0 )
69.861  A(0.893 0.200 0.080 0 )
69.883  A(1.000 0.200 0.080 -1)  D(1 0.136 1 )
69.963  A(0.188 0.200 0.080 1 )  D(0 0.288 -1)
70.043  A(0.652 0.200 0.080 1 )  D(0 0.229 -1)
70.123  A(0.849 0.200 0.080 0 )
70.203  A(0.944 0.200 0.080 0 )
70.272  A(1.000 0.200 0.080 -1)  D(1 0.268 1 )
70.352  A(0.360 0.200 0.080 0 )
70.432  A(0.253 0.200 0.080 0 )
70.512  A(0.238 0.200 0.080 0 )
70.540  A(0.000 0.200 0.080 -1)  D(0 0.165 1 )
70.620  A(0.583 0.200 0.080 1 )  D(0 0.197 -1)
70.700  A(0.557 0.200 0.080 0 )
70.780  A(0.215 0.200 0.080 0 )
70.817  A(1.000 0.200 0.080 -1)  D(1 0.201 1 )
70.897  A(0.620 0.200 0.080 0 )
70.977  A(0.146 0.200 0.080 1 )  D(0 0.269 -1)
71.057  A(0.575 0.200 0.080 1 )  D(0 0.222 -1)
71.137  A(0.329 0.200 0.080 0 )
71.217  A(0.266 0.200 0.080 0 )
71.279  A(1.000 0.200 0.080 -1)  D(1 0.208 1 )
71.359  A(0.461 0.200 0.080 0 )
71.439  A(0.766 0.200 0.080 0 )
71.487  A(0.000 0.200 0.080 -1)  D(0 0.231 1 )
71.567  A(0.473 0.200 0.080 1 )  D(0 0.142 -1)
71.647  A(0.600 0.200 0.080 0 )
71.709  A(1.000 0.200 0.080 -1)  D(1 0.271 1 )
71.789  A(0.384 0.200 0.080 0 )
71.869  A(0.838 0.200 0.080 0 )
71.949  A(0.694 0.200 0.080 0 )
71.980  A(0.000 0.200 0.080 -1)  D(0 0.222 1 )
72.060  A(0.745 0.200 0.080 1 )  D(0 0.256 -1)
72.140  A(0.874 0.200 0.080 0 )
72.220  A(0.272 0.200 0.080 0 )
72.300  A(0.956 0.200 0.080 0 )
72.316  A(1.000 0.200 0.080 -1)  D(1 0.185 1 )
72.396  A(0.136 0.200 0.080 1 )  D(0 0.115 -1)
72.476  A(0.575 0.200 0.080 1 )  D(0 0.274 -1)
72.556  A(0.825 0.200 0.080 0 )
72.636  A(0.998 0.200 0.080 0 )
72.716  A(0.300 0.200 0.080 0 )
72.750  A(1.000 0.200 0.080 -1)  D(1 0.174 1 )
72.830  A(0.056 0.200 0.080 1 )  D(0 0.251 -1)
72.910  A(0.020 0.200 0.080 0 )
72.990  A(0.511 0.200 0.080 1 )  D(0 0.283 -1)
73.070  A(0.318 0.200 0.080 0 )
73.150  A(0.114 0.200 0.080 1 )  D(0 0.202 -1)
73.230  A(0.620 0.200 0.080 1 )  D(0 0.155 -1)
73.310  A(0.643 0.200 0.080 0 )
73.385  A(1.000 0.200 0.080 -1)  D(1 0.278 1 )
73.465  A(0.511 0.200 0.080 0 )
73.545  A(0.861 0.200 0.080 0 )
73.625  A(0.694 0.200 0.080 0 )
73.663  A(0.000 0.200 0.080 -1)  D(0 0.104 1 )
73.743  A(0.450 0.200 0.080 1 )  D(0 0.207 -1)
73.823  A(0.952 0.200 0.080 0 )
73.903  A(0.602 0.200 0.080 0 )
73.950  A(1.000 0.200 0.080 -1)  D(1 0.225 1 )
74.030  A(0.596 0.200 0.080 0 )
74.110  A(0.735 0.200 0.080 0 )
74.175  A(0.000 0.200 0.080 -1)  D(0 0.142 1 )
74.255  A(0.686 0.200 0.080 1 )  D(0 0.246 -1)
74.335  A(0.163 0.200 0.080 1 )  D(0 0.107 -1)
74.415  A(0.709 0.200 0.080 1 )  D(0 0.257 -1)
74.495  A(0.033 0.200 0.080 1 )  D(0 0.112 -1)
74.575  A(0.800 0.200 0.080 1 )  D(0 0.277 -1)
74.655  A(0.438 0.200 0.080 0 )
74.735  A(0.146 0.200 0.080 1 )  D(0 0.222 -1)
74.815  A(0.646 0.200 0.080 1 )  D(0 0.201 -1)
74.895  A(0.507 0.200 0.080 0 )
74.975  A(0.036 0.200 0.080 1 )  D(0 0.269 -1)
75.055  A(0.422 0.200 0.080 1 )  D(0 0.102 -1)
75.135  A(0.921 0.200 0.080 0 )
75.157  A(1.000 0.200 0.080 -1)  D(1 0.192 1 )
75.237  A(0.170 0.200 0.080 1 )  D(0 0.104 -1)
75.317  A(0.466 0.200 0.080 1 )  D(0 0.225 -1)
75.397  A(0.189 0.200 0.080 1 )  D(0 0.270 -1)
75.477  A(0.674 0.200 0.080 1 )  D(0 0.240 -1)
75.557  A(0.524 0.200 0.080 0 )
75.637  A(0.127 0.200 0.080 1 )  D(0 0.262 -1)
75.717  A(0.308 0.200 0.080 1 )  D(0 0.221 -1)
75.797  A(0.662 0.200 0.080 0 )
75.877  A(0.096 0.200 0.080 1 )  D(0 0.233 -1)
75.957  A(0.562 0.200 0.080 1 )  D(0 0.189 -1)
76.037  A(0.414 0.200 0.080 0 )
76.117  A(0.903 0.200 0.080 0 )
76.146  A(1.000 0.200 0.080 -1)  D(1 0.133 1 )
76.226  A(0.391 0.200 0.080 0 )
76.279  A(0.000 0.200 0.080 -1)  D(0 0.246 1 )
76.359  A(0.420 0.200 0.080 1 )  D(0 0.188 -1)
76.439  A(0.817 0.200 0.080 0 )
76.519  A(0.173 0.200 0.080 1 )  D(0 0.216 -1)
76.599  A(0.091 0.200 0.080 0 )
76.679  A(0.490 0.200 0.080 1 )  D(0 0.228 -1)
76.759  A(0.425 0.200 0.080 0 )
76.839  A(0.135 0.200 0.080 1 )  D(0 0.203 -1)
76.919  A(0.054 0.200 0.080 0 )
76.999  A(0.026 0.200 0.080 0 )
77.042  A(1.000 0.200 0.080 -1)  D(1 0.206 1 )
77.122  A(0.994 0.200 0.080 0 )
77.202  A(0.475 0.200 0.080 0 )
77.248  A(0.000 0.200 0.080 -1)  D(0 0.129 1 )
77.328  A(0.462 0.200 0.080 1 )  D(0 0.104 -1)
77.408  A(0.881 0.200 0.080 0 )
77.432  A(1.000 0.200 0.080 -1)  D(1 0.206 1 )
77.512  A(0.367 0.200 0.080 0 )
77.592  A(0.322 0.200 0.080 0 )
77.638  A(0.000 0.200 0.080 -1)  D(0 0.242 1 )
77.718  A(0.316 0.200 0.080 1 )  D(0 0.290 -1)
77.798  A(0.582 0.200 0.080 0 )
77.878  A(0.723 0.200 0.080 0 )
77.958  A(0.734 0.200 0.080 0 )
78.008  A(1.000 0.200 0.080 -1)  D(1 0.206 1 )
78.088  A(0.657 0.200 0.080 0 )
78.168  A(0.161 0.200 0.080 1 )  D(0 0.121 -1)
78.248  A(0.496 0.200 0.080 1 )  D(0 0.262 -1)
78.328  A(0.658 0.200 0.080 0 )
78.408  A(0.899 0.200 0.080 0 )
78.488  A(0.114 0.200 0.080 1 )  D(0 0.270 -1)
78.568  A(0.989 0.200 0.080 1 )  D(0 0.156 -1)
78.648  A(0.704 0.200 0.080 0 )
78.724  A(1.000 0.200 0.080 -1)  D(1 0.167 1 )
78.804  A(0.917 0.200 0.080 0 )
78.884  A(0.662 0.200 0.080 0 )
78.891  A(0.000 0.200 0.080 -1)  D(0 0.282 1 )
78.971  A(0.280 0.200 0.080 1 )  D(0 0.135 -1)
79.051  A(0.251 0.200 0.080 0 )
79.106  A(1.000 0.200 0.080 -1)  D(1 0.158 1 )
79.186  A(0.487 0.200 0.080 0 )
79.264  A(0.000 0.200 0.080 -1)  D(0 0.201 1 )
79.344  A(0.404 0.200 0.080 1 )  D(0 0.255 -1)
79.424  A(0.177 0.200 0.080 1 )  D(0 0.212 -1)
79.504  A(0.824 0.200 0.080 1 )  D(0 0.297 -1)
79.584  A(0.352 0.200 0.080 0 )
79.664  A(0.909 0.200 0.080 0 )
79.744  A(0.472 0.200 0.080 0 )
79.801  A(1.000 0.200 0.080 -1)  D(1 0.154 1 )
79.881  A(0.563 0.200 0.080 0 )
79.955  A(0.000 0.200 0.080 -1)  D(0 0.180 1 )
80.035  A(0.469 0.200 0.080 1 )  D(0 0.177 -1)
80.115  A(0.858 0.200 0.080 0 )
80.195  A(0.355 0.200 0.080 0 )
80.212  A(1.000 0.200 0.080 -1)  D(1 0.150 1 )
80.292  A(0.820 0.200 0.080 0 )
80.362  A(0.000 0.200 0.080 -1)  D(0 0.188 1 )
80.442  A(0.489 0.200 0.080 1 )  D(0 0.137 -1)
80.522  A(0.830 0.200 0.080 0 )
80.579  A(1.000 0.200 0.080 -1)  D(1 0.268 1 )
80.659  A(0.207 0.200 0.080 0 )
80.739  A(0.958 0.200 0.080 0 )
80.819  A(0.384 0.200 0.080 0 )
80.847  A(0.000 0.200 0.080 -1)  D(0 0.218 1 )
80.927  A(0.836 0.200 0.080 1 )  D(0 0.120 -1)
81.007  A(0.654 0.200 0.080 0 )
81.047  A(1.000 0.200 0.080 -1)  D(1 0.225 1 )
81.127  A(0.245 0.200 0.080 0 )
81.207  A(0.042 0.200 0.080 1 )  D(0 0.232 -1)
81.287  A(0.719 0.200 0.080 1 )  D(0 0.240 -1)
81.367  A(0.154 0.200 0.080 1 )  D(0 0.167 -1)
81.447  A(0.898 0.200 0.080 1 )  D(0 0.120 -1)
81.527  A(0.062 0.200 0.080 1 )  D(0 0.128 -1)
81.607  A(0.693 0.200 0.080 1 )  D(0 0.297 -1)
81.687  A(0.240 0.200 0.080 0 )
81.767  A(0.568 0.200 0.080 0 )
81.847  A(0.756 0.200 0.080 0 )
81.904  A(1.000 0.200 0.080 -1)  D(1 0.287 1 )
81.984  A(0.740 0.200 0.080 0 )
82.064  A(0.622 0.200 0.080 0 )
82.144  A(0.161 0.200 0.080 1 )  D(0 0.125 -1)
82.224  A(0.921 0.200 0.080 1 )  D(0 0.164 -1)
82.304  A(0.678 0.200 0.080 0 )
82.384  A(0.385 0.200 0.080 0 )
82.388  A(1.000 0.200 0.080 -1)  D(1 0.228 1 )
82.468  A(0.449 0.200 0.080 0 )
82.548  A(0.722 0.200 0.080 0 )
82.616  A(0.000 0.200 0.080 -1)  D(0 0.140 1 )
82.696  A(0.821 0.200 0.080 1 )  D(0 0.197 -1)
82.776  A(0.766 0.200 0.080 0 )
82.856  A(0.595 0.200 0.080 0 )
82.893  A(1.000 0.200 0.080 -1)  D(1 0.279 1 )
82.973  A(0.151 0.200 0.080 1 )  D(0 0.116 -1)
83.053  A(0.796 0.200 0.080 1 )  D(0 0.151 -1)
83.133  A(0.591 0.200 0.080 0 )
83.204  A(1.000 0.200 0.080 -1)  D(1 0.190 1 )
83.284  A(0.482 0.200 0.080 0 )
83.364  A(0.499 0.200 0.080 0 )
83.394  A(0.000 0.200 0.080 -1)  D(0 0.213 1 )
83.474  A(0.074 0.200 0.080 0 )
83.554  A(0.282 0.200 0.080 1 )  D(0 0.266 -1)
83.634  A(0.397 0.200 0.080 0 )
83.714  A(0.997 0.200 0.080 0 )
83.794  A(0.561 0.200 0.080 0 )
83.820  A(1.000 0.200 0.080 -1)  D(1 0.189 1 )
83.900  A(0.437 0.200 0.080 0 )
83.980  A(0.688 0.200 0.080 0 )
84.009  A(0.000 0.200 0.080 -1)  D(0 0.107 1 )
84.089  A(0.921 0.200 0.080 1 )  D(0 0.183 -1)
84.169  A(0.581 0.200 0.080 0 )
84.249  A(0.605 0.200 0.080 0 )
84.272  A(1.000 0.200 0.080 -1)  D(1 0.280 1 )
84.352  A(0.127 0.200 0.080 1 )  D(0 0.256 -1)
84.432  A(0.094 0.200 0.080 0 )
84.512  A(0.809 0.200 0.080 1 )  D(0 0.187 -1)
84.592  A(0.548 0.200 0.080 0 )
84.672  A(0.685 0.200 0.080 0 )
84.699  A(1.000 0.200 0.080 -1)  D(1 0.237 1 )
84.779  A(0.335 0.200 0.080 0 )
84.859  A(0.258 0.200 0.080 0 )
84.936  A(0.000 0.200 0.080 -1)  D(0 0.211 1 )
85.016  A(0.951 0.200 0.080 1 )  D(0 0.227 -1)
85.096  A(0.993 0.200 0.080 0 )
85.176  A(0.289 0.200 0.080 0 )
85.243  A(1.000 0.200 0.080 -1)  D(1 0.211 1 )
85.323  A(0.560 0.200 0.080 0 )
85.403  A(0.082 0.200 0.080 1 )  D(0 0.134 -1)
85.483  A(0.886 0.200 0.080 1 )  D(0 0.205 -1)
85.563  A(0.704 0.200 0.080 0 )
85.643  A(0.913 0.200 0.080 0 )
85.688  A(1.000 0.200 0.080 -1)  D(1 0.208 1 )
85.768  A(0.926 0.200 0.080 0 )
85.848  A(0.501 0.200 0.080 0 )
85.896  A(0.000 0.200 0.080 -1)  D(0 0.112 1 )
85.976  A(0.662 0.200 0.080 1 )  D(0 0.211 -1)
86.056  A(0.570 0.200 0.080 0 )
86.136  A(0.567 0.200 0.080 0 )
86.187  A(1.000 0.200 0.080 -1)  D(1 0.165 1 )
86.267  A(0.129 0.200 0.080 1 )  D(0 0.283 -1)
86.347  A(0.989 0.200 0.080 1 )  D(0 0.253 -1)
86.427  A(0.764 0.200 0.080 0 )
86.507  A(0.270 0.200 0.080 0 )
86.587  A(0.196 0.200 0.080 1 )  D(0 0.211 -1)
86.667  A(0.630 0.200 0.080 1 )  D(0 0.295 -1)
86.747  A(0.256 0.200 0.080 0 )
86.827  A(0.661 0.200 0.080 0 )
86.907  A(0.200 0.200 0.080 1 )  D(0 0.198 -1)
86.987  A(0.563 0.200 0.080 1 )  D(0 0.128 -1)
87.067  A(0.579 0.200 0.080 0 )
87.115  A(1.000 0.200 0.080 -1)  D(1 0.290 1 )
87.195  A(0.115 0.200 0.080 1 )  D(0 0.253 -1)
87.275  A(0.061 0.200 0.080 0 )
87.355  A(0.681 0.200 0.080 1 )  D(0 0.115 -1)
87.435  A(0.016 0.200 0.080 1 )  D(0 0.223 -1)
87.515  A(0.071 0.200 0.080 0 )
87.595  A(0.698 0.200 0.080 1 )  D(0 0.171 -1)
87.675  A(0.213 0.200 0.080 0 )
87.755  A(0.525 0.200 0.080 0 )
87.766  A(1.000 0.200 0.080 -1)  D(1 0.161 1 )
87.846  A(0.060 0.200 0.080 1 )  D(0 0.263 -1)
87.926  A(0.103 0.200 0.080 0 )
88.006  A(0.052 0.200 0.080 0 )
88.086  A(0.737 0.200 0.080 1 )  D(0 0.244 -1)
88.166  A(0.568 0.200 0.080 0 )
88.246  A(0.140 0.200 0.080 1 )  D(0 0.147 -1)
88.326  A(0.049 0.200 0.080 0 )
88.393  A(1.000 0.200 0.080 -1)  D(1 0.224 1 )
88.473  A(0.215 0.200 0.080 0 )
88.553  A(0.018 0.200 0.080 1 )  D(0 0.241 -1)
88.633  A(0.283 0.200 0.080 1 )  D(0 0.257 -1)
88.713  A(0.733 0.200 0.080 0 )
88.793  A(0.746 0.200 0.080 0 )
88.873  A(0.531 0.200 0.080 0 )
88.890  A(1.000 0.200 0.080 -1)  D(1 0.175 1 )
88.970  A(0.745 0.200 0.080 0 )
89.050  A(0.058 0.200 0.080 1 )  D(0 0.207 -1)
89.130  A(0.535 0.200 0.080 1 )  D(0 0.149 -1)
89.210  A(0.389 0.200 0.080 0 )
89.279  A(1.000 0.200 0.080 -1)  D(1 0.101 1 )
89.359  A(0.897 0.200 0.080 0 )
89.380  A(0.000 0.200 0.080 -1)  D(0 0.252 1 )
89.460  A(0.746 0.200 0.080 1 )  D(0 0.183 -1)
89.540  A(0.468 0.200 0.080 0 )
89.620  A(0.582 0.200 0.080 0 )
89.643  A(1.000 0.200 0.080 -1)  D(1 0.145 1 )
89.723  A(0.714 0.200 0.080 0 )
89.788  A(0.000 0.200 0.080 -1)  D(0 0.280 1 )
89.868  A(0.412 0.200 0.080 1 )  D(0 0.115 -1)
89.948  A(0.029 0.200 0.080 1 )  D(0 0.299 -1)
90.028  A(0.941 0.200 0.080 1 )  D(0 0.149 -1)
90.108  A(0.321 0.200 0.080 0 )
90.177  A(1.000 0.200 0.080 -1)  D(1 0.174 1 )
90.257  A(0.375 0.200 0.080 0 )
90.337  A(0.028 0.200 0.080 1 )  D(0 0.283 -1)
90.417  A(0.444 0.200 0.080 1 )  D(0 0.259 -1)
90.497  A(0.107 0.200 0.080 1 )  D(0 0.103 -1)
90.577  A(0.290 0.200 0.080 1 )  D(0 0.257 -1)
90.657  A(0.309 0.200 0.080 0 )
90.737  A(0.680 0.200 0.080 0 )
90.817  A(0.182 0.200 0.080 1 )  D(0 0.210 -1)
90.897  A(0.127 0.200 0.080 0 )
90.977  A(0.775 0.200 0.080 1 )  D(0 0.214 -1)
91.057  A(0.569 0.200 0.080 0 )
91.137  A(0.084 0.200 0.080 1 )  D(0 0.283 -1)
91.217  A(0.910 0.200 0.080 1 )  D(0 0.193 -1)
91.297  A(0.492 0.200 0.080 0 )
91.377  A(0.155 0.200 0.080 1 )  D(0 0.208 -1)
91.457  A(0.902 0.200 0.080 1 )  D(0 0.223 -1)
91.537  A(0.756 0.200 0.080 0 )
91.617  A(0.607 0.200 0.080 0 )
91.680  A(1.000 0.200 0.080 -1)  D(1 0.155 1 )
91.760  A(0.182 0.200 0.080 1 )  D(0 0.112 -1)
91.840  A(0.247 0.200 0.080 1 )  D(0 0.258 -1)
91.920  A(0.866 0.200 0.080 0 )
92.000  A(0.414 0.200 0.080 0 )
92.080  A(0.446 0.200 0.080 0 )
92.098  A(1.000 0.200 0.080 -1)  D(1 0.211 1 )
92.178  A(0.696 0.200 0.080 0 )
92.258  A(0.249 0.200 0.080 0 )
92.309  A(0.000 0.200 0.080 -1)  D(0 0.205 1 )
92.389  A(0.115 0.200 0.080 0 )
92.469  A(0.503 0.200 0.080 1 )  D(0 0.140 -1)
92.549  A(0.135 0.200 0.080 1 )  D(0 0.248 -1)
92.629  A(0.796 0.200 0.080 1 )  D(0 0.176 -1)
92.709  A(0.714 0.200 0.080 0 )
92.789  A(0.760 0.200 0.080 0 )
92.805  A(1.000 0.200 0.080 -1)  D(1 0.180 1 )
92.885  A(0.604 0.200 0.080 0 )
92.965  A(0.071 0.200 0.080 1 )  D(0 0.203 -1)
93.045  A(0.329 0.200 0.080 1 )  D(0 0.278 -1)
93.125  A(0.923 0.200 0.080 0 )
93.205  A(0.022 0.200 0.080 1 )  D(0 0.162 -1)
93.285  A(0.608 0.200 0.080 1 )  D(0 0.191 -1)
93.365  A(0.593 0.200 0.080 0 )
93.445  A(0.278 0.200 0.080 0 )
93.476  A(1.000 0.200 0.080 -1)  D(1 0.289 1 )
93.556  A(0.467 0.200 0.080 0 )
93.636  A(0.068 0.200 0.080 1 )  D(0 0.270 -1)
93.716  A(0.328 0.200 0.080 1 )  D(0 0.246 -1)
93.796  A(0.808 0.200 0.080 0 )
93.876  A(0.778 0.200 0.080 0 )
93.956  A(0.960 0.200 0.080 0 )
93.962  A(1.000 0.200 0.080 -1)  D(1 0.295 1 )
94.042  A(0.446 0.200 0.080 0 )
94.122  A(0.329 0.200 0.080 0 )
94.202  A(0.755 0.200 0.080 0 )
94.257  A(0.000 0.200 0.080 -1)  D(0 0.207 1 )
94.337  A(0.721 0.200 0.080 1 )  D(0 0.219 -1)
94.417  A(0.677 0.200 0.080 0 )
94.497  A(0.945 0.200 0.080 0 )
94.556  A(1.000 0.200 0.080 -1)  D(1 0.241 1 )
94.636  A(0.340 0.200 0.080 0 )
94.716  A(0.327 0.200 0.080 0 )
94.796  A(0.786 0.200 0.080 0 )
94.797  A(0.000 0.200 0.080 -1)  D(0 0.295 1 )
94.877  A(0.982 0.200 0.080 1 )  D(0 0.255 -1)
94.957  A(0.032 0.200 0.080 1 )  D(0 0.186 -1)
95.037  A(0.183 0.200 0.080 0 )
95.117  A(0.020 0.200 0.080 0 )
95.143  A(1.000 0.200 0.080 -1)  D(1 0.203 1 )
95.223  A(0.174 0.200 0.080 1 )  D(0 0.109 -1)
95.303  A(0.393 0.200 0.080 1 )  D(0 0.239 -1)
95.383  A(0.163 0.200 0.080 1 )  D(0 0.298 -1)
95.463  A(0.752 0.200 0.080 1 )  D(0 0.192 -1)
95.543  A(0.219 0.200 0.080 0 )
95.623  A(0.230 0.200 0.080 0 )
95.655  A(1.000 0.200 0.080 -1)  D(1 0.261 1 )
95.735  A(0.201 0.200 0.080 0 )
95.815  A(0.046 0.200 0.080 1 )  D(0 0.295 -1)
95.895  A(0.297 0.200 0.080 1 )  D(0 0.228 -1)
95.975  A(0.420 0.200 0.080 0 )
96.055  A(0.328 0.200 0.080 0 )
96.123  A(1.000 0.200 0.080 -1)  D(1 0.261 1 )
96.203  A(0.702 0.200 0.080 0 )
96.283  A(0.577 0.200 0.080 0 )
96.363  A(0.421 0.200 0.080 0 )
96.384  A(0.000 0.200 0.080 -1)  D(0 0.239 1 )
96.464  A(0.147 0.200 0.080 0 )
96.544  A(0.824 0.200 0.080 1 )  D(0 0.178 -1)
96.624  A(0.209 0.200 0.080 0 )
96.704  A(0.808 0.200 0.080 0 )
96.722  A(1.000 0.200 0.080 -1)  D(1 0.269 1 )
96.802  A(0.672 0.200 0.080 0 )
96.882  A(0.009 0.200 0.080 1 )  D(0 0.135 -1)
96.962  A(0.565 0.200 0.080 1 )  D(0 0.203 -1)
97.042  A(0.297 0.200 0.080 0 )
97.122  A(0.537 0.200 0.080 0 )
97.165  A(1.000 0.200 0.080 -1)  D(1 0.103 1 )
97.245  A(0.125 0.200 0.080 1 )  D(0 0.163 -1)
97.325  A(0.749 0.200 0.080 1 )  D(0 0.123 -1)
97.405  A(0.655 0.200 0.080 0 )
97.448  A(1.000 0.200 0.080 -1)  D(1 0.229 1 )
97.528  A(0.573 0.200 0.080 0 )
97.608  A(0.462 0.200 0.080 0 )
97.677  A(0.000 0.200 0.080 -1)  D(0 0.228 1 )
97.757  A(0.259 0.200 0.080 1 )  D(0 0.171 -1)
97.837  A(0.790 0.200 0.080 0 )
97.917  A(0.326 0.200 0.080 0 )
97.928  A(1.000 0.200 0.080 -1)  D(1 0.104 1 )
98.008  A(0.429 0.200 0.080 0 )
98.032  A(0.000 0.200 0.080 -1)  D(0 0.192 1 )
98.112  A(0.123 0.200 0.080 0 )
98.192  A(0.965 0.200 0.080 1 )  D(0 0.216 -1)
98.272  A(0.011 0.200 0.080 1 )  D(0 0.108 -1)
98.352  A(0.891 0.200 0.080 1 )  D(0 0.117 -1)
98.432  A(0.675 0.200 0.080 0 )
98.469  A(1.000 0.200 0.080 -1)  D(1 0.140 1 )
98.549  A(0.326 0.200 0.080 0 )
98.609  A(0.000 0.200 0.080 -1)  D(0 0.104 1 )
98.689  A(0.249 0.200 0.080 1 )  D(0 0.286 -1)
98.769  A(0.548 0.200 0.080 0 )
98.849  A(0.648 0.200 0.080 0 )
98.929  A(0.962 0.200 0.080 0 )
98.975  A(1.000 0.200 0.080 -1)  D(1 0.119 1 )
99.055  A(0.041 0.200 0.080 1 )  D(0 0.208 -1)
99.135  A(0.226 0.200 0.080 1 )  D(0 0.113 -1)
99.215  A(0.836 0.200 0.080 0 )
99.248  A(1.000 0.200 0.080 -1)  D(1 0.211 1 )
99.328  A(0.328 0.200 0.080 0 )
99.408  A(0.521 0.200 0.080 0 )
99.459  A(0.000 0.200 0.080 -1)  D(0 0.127 1 )
99.539  A(0.680 0.200 0.080 1 )  D(0 0.237 -1)
99.619  A(0.875 0.200 0.080 0 )
99.699  A(0.523 0.200 0.080 0 )
99.776  A(1.000 0.200 0.080 -1)  D(1 0.219 1 )
99.856  A(0.042 0.200 0.080 1 )  D(0 0.150 -1)
99.936  A(0.798 0.200 0.080 1 )  D(0 0.131 -1)
100.000  FINISH
